    0.000000     4.958669     4.928831     4.988506
    0.080000     4.944958     4.914838     4.975079
    0.160000     4.931248     4.900845     4.961651
    0.240000     4.917538     4.886852     4.948224
    0.320000     4.903827     4.872858     4.934796
    0.400000     4.890117     4.858865     4.921369
    0.480000     4.876407     4.844872     4.907941
    0.560000     4.862696     4.830879     4.894514
    0.640000     4.848986     4.816886     4.881086
    0.720000     4.835275     4.802892     4.867659
    0.800000     4.821565     4.788899     4.854231
    0.880000     4.807855     4.774906     4.840804
    0.960000     4.794144     4.760913     4.827376
    1.040000     4.780434     4.746920     4.813949
    1.120000     4.766724     4.732926     4.800521
    1.200000     4.753013     4.718933     4.787094
    1.280000     4.739303     4.704940     4.773666
    1.360000     4.725593     4.690947     4.760238
    1.440000     4.711882     4.676954     4.746811
    1.520000     4.698172     4.662960     4.733383
    1.600000     4.684462     4.648967     4.719956
    1.680000     4.670751     4.634974     4.706528
    1.760000     4.657041     4.620981     4.693101
    1.840000     4.643331     4.606988     4.679673
    1.920000     4.629620     4.592994     4.666246
    2.000000     4.615910     4.579001     4.652818
    2.080000     4.602199     4.565008     4.639391
    2.160000     4.588489     4.551015     4.625963
    2.240000     4.574779     4.537022     4.612536
    2.320000     4.561068     4.523028     4.599108
    2.400000     4.547358     4.509035     4.585681
    2.480000     4.533648     4.495042     4.572253
    2.560000     4.519937     4.481049     4.558826
    2.640000     4.506227     4.467056     4.545398
    2.720000     4.492517     4.453062     4.531971
    2.800000     4.478806     4.439069     4.518543
    2.880000     4.465096     4.425076     4.505116
    2.960000     4.451386     4.411083     4.491688
    3.040000     4.437675     4.397090     4.478261
    3.120000     4.423965     4.383096     4.464833
    3.200000     4.410254     4.369103     4.451406
    3.280000     4.396544     4.355110     4.437978
    3.360000     4.382834     4.341117     4.424551
    3.440000     4.369123     4.327124     4.411123
    3.520000     4.355413     4.313130     4.397696
    3.600000     4.341703     4.299137     4.384268
    3.680000     4.327992     4.285144     4.370841
    3.760000     4.314282     4.271151     4.357413
    3.840000     4.300572     4.257158     4.343986
    3.920000     4.286861     4.243164     4.330558
    4.000000     4.273151     4.229171     4.317131
    4.080000     4.259441     4.215178     4.303703
    4.160000     4.245730     4.201185     4.290276
    4.240000     4.232020     4.187192     4.276848
    4.320000     4.218310     4.173198     4.263421
    4.400000     4.204599     4.159205     4.249993
    4.480000     4.190889     4.145212     4.236566
    4.560000     4.177178     4.131219     4.223138
    4.640000     4.163468     4.117226     4.209710
    4.720000     4.149758     4.103232     4.196283
    4.800000     4.136047     4.089239     4.182855
    4.880000     4.122337     4.075246     4.169428
    4.960000     4.108627     4.061253     4.156000
    5.040000     4.094916     4.047260     4.142573
    5.120000     4.081206     4.033267     4.129145
    5.200000     4.067496     4.019273     4.115718
    5.280000     4.053785     4.005280     4.102290
    5.360000     4.040075     3.991287     4.088863
    5.440000     4.026365     3.977294     4.075435
    5.520000     4.012654     3.963301     4.062008
    5.600000     3.998944     3.949307     4.048580
    5.680000     3.985233     3.935314     4.035153
    5.760000     3.971523     3.921321     4.021725
    5.840000     3.957813     3.907328     4.008298
    5.920000     3.944102     3.893335     3.994870
    6.000000     3.930392     3.879341     3.981443
    6.080000     3.916682     3.865348     3.968015
    6.160000     3.902971     3.851355     3.954588
    6.240000     3.889261     3.837362     3.941160
    6.320000     3.875551     3.823369     3.927733
    6.400000     3.861840     3.809375     3.914305
    6.480000     3.848130     3.795382     3.900878
    6.560000     3.834420     3.781389     3.887450
    6.640000     3.820709     3.767396     3.874023
    6.720000     3.806999     3.753403     3.860595
    6.800000     3.793289     3.739409     3.847168
    6.880000     3.779578     3.725416     3.833740
    6.960000     3.765868     3.711423     3.820313
    7.040000     3.752157     3.697430     3.806885
    7.120000     3.738447     3.683437     3.793458
    7.200000     3.724737     3.669443     3.780030
    7.280000     3.711026     3.655450     3.766603
    7.360000     3.697316     3.641457     3.753175
    7.440000     3.683606     3.627464     3.739748
    7.520000     3.669895     3.613471     3.726320
    7.600000     3.656185     3.599477     3.712893
    7.680000     3.642475     3.585484     3.699465
    7.760000     3.628764     3.571491     3.686038
    7.840000     3.615054     3.557498     3.672610
    7.920000     3.601344     3.543505     3.659183
    8.000000     3.587633     3.529511     3.645755
    8.080000     3.573923     3.515518     3.632327
    8.160000     3.560213     3.501525     3.618900
    8.240000     3.546502     3.487532     3.605472
    8.320000     3.532792     3.473539     3.592045
    8.400000     3.519081     3.459545     3.578617
    8.480000     3.505371     3.445552     3.565190
    8.560000     3.491661     3.431559     3.551762
    8.640000     3.477950     3.417566     3.538335
    8.720000     3.464240     3.403573     3.524907
    8.800000     3.450530     3.389579     3.511480
    8.880000     3.436819     3.375586     3.498052
    8.960000     3.423109     3.361593     3.484625
    9.040000     3.409399     3.347600     3.471197
    9.120000     3.395688     3.333607     3.457770
    9.200000     3.381978     3.319613     3.444342
    9.280000     3.368268     3.305620     3.430915
    9.360000     3.354557     3.291627     3.417487
    9.440000     3.340847     3.277634     3.404060
    9.520000     3.327136     3.263641     3.390632
    9.600000     3.313426     3.249647     3.377205
    9.680000     3.299716     3.235654     3.363777
    9.760000     3.286005     3.221661     3.350350
    9.840000     3.272295     3.207668     3.336922
    9.920000     3.258585     3.193675     3.323495
   10.000000     3.244874     3.179681     3.310067
   10.080000     3.231164     3.165688     3.296640
   10.160000     3.217454     3.151695     3.283212
   10.240000     3.203743     3.137702     3.269785
   10.320000     3.190033     3.123709     3.256357
   10.400000     3.176323     3.109716     3.242930
   10.480000     3.162612     3.095722     3.229502
   10.560000     3.148902     3.081729     3.216075
   10.640000     3.135192     3.067736     3.202647
   10.720000     3.121481     3.053743     3.189220
   10.800000     3.107771     3.039750     3.175792
   10.880000     3.094060     3.025756     3.162365
   10.960000     3.080350     3.011763     3.148937
   11.040000     3.066640     2.997770     3.135510
   11.120000     3.052929     2.983777     3.122082
   11.200000     3.039219     2.969784     3.108655
   11.280000     3.025509     2.955790     3.095227
   11.360000     3.011798     2.941797     3.081800
   11.440000     2.998088     2.927804     3.068372
   11.520000     2.984378     2.913811     3.054944
   11.600000     2.970667     2.899818     3.041517
   11.680000     2.956957     2.885824     3.028089
   11.760000     2.943247     2.871831     3.014662
   11.840000     2.929536     2.857838     3.001234
   11.920000     2.915826     2.843845     2.987807
   12.000000     2.902115     2.829852     2.974379
   12.080000     2.888405     2.815858     2.960952
   12.160000     2.874695     2.801865     2.947524
   12.240000     2.860984     2.787872     2.934097
   12.320000     2.847274     2.773879     2.920669
   12.400000     2.833564     2.759886     2.907242
   12.480000     2.819853     2.745892     2.893814
   12.560000     2.806143     2.731899     2.880387
   12.640000     2.792433     2.717906     2.866959
   12.720000     2.778722     2.703913     2.853532
   12.800000     2.765012     2.689920     2.840104
   12.880000     2.751302     2.675926     2.826677
   12.960000     2.737591     2.661933     2.813249
   13.040000     2.723881     2.647940     2.799822
   13.120000     2.710171     2.633947     2.786394
   13.200000     2.696460     2.619954     2.772967
   13.280000     2.682750     2.605960     2.759539
   13.360000     2.669039     2.591967     2.746112
   13.440000     2.655329     2.577974     2.732684
   13.520000     2.641619     2.563981     2.719257
   13.600000     2.627908     2.549988     2.705829
   13.680000     2.614198     2.535994     2.692402
   13.760000     2.600488     2.522001     2.678974
   13.840000     2.586777     2.508008     2.665547
   13.920000     2.573067     2.494015     2.652119
   14.000000     2.559357     2.480022     2.638692
   14.080000     2.545646     2.466028     2.625264
   14.160000     2.531936     2.452035     2.611837
   14.240000     2.518226     2.438042     2.598409
   14.320000     2.504515     2.424049     2.584982
   14.400000     2.490805     2.410056     2.571554
   14.480000     2.477094     2.396062     2.558127
   14.560000     2.463384     2.382069     2.544699
   14.640000     2.449674     2.368076     2.531272
   14.720000     2.435963     2.354083     2.517844
   14.800000     2.422253     2.340090     2.504417
   14.880000     2.408543     2.326096     2.490989
   14.960000     2.394832     2.312103     2.477561
   15.040000     2.381122     2.298110     2.464134
   15.120000     2.367412     2.284117     2.450706
   15.200000     2.353701     2.270124     2.437279
   15.280000     2.339991     2.256130     2.423851
   15.360000     2.326281     2.242137     2.410424
   15.440000     2.312570     2.228144     2.396996
   15.520000     2.298860     2.214151     2.383569
   15.600000     2.285150     2.200158     2.370141
   15.680000     2.271439     2.186164     2.356714
   15.760000     2.257729     2.172171     2.343286
   15.840000     2.244018     2.158178     2.329859
   15.920000     2.230308     2.144185     2.316431
   16.000000     2.216598     2.130192     2.303004
   16.080000     2.202887     2.116199     2.289576
   16.160000     2.189177     2.102205     2.276149
   16.240000     2.175467     2.088212     2.262721
   16.320000     2.161756     2.074219     2.249294
   16.400000     2.148046     2.060226     2.235866
   16.480000     2.134336     2.046233     2.222439
   16.560000     2.120625     2.032239     2.209011
   16.640000     2.106915     2.018246     2.195584
   16.720000     2.093205     2.004253     2.182156
   16.800000     2.079494     1.990260     2.168729
   16.880000     2.065784     1.976267     2.155301
   16.960000     2.052074     1.962273     2.141874
   17.040000     2.038363     1.948280     2.128446
   17.120000     2.024653     1.934287     2.115019
   17.200000     2.010942     1.920294     2.101591
   17.280000     1.997232     1.906301     2.088164
   17.360000     1.983522     1.892307     2.074736
   17.440000     1.969811     1.878314     2.061309
   17.520000     1.956101     1.864321     2.047881
   17.600000     1.942391     1.850328     2.034454
   17.680000     1.928680     1.836335     2.021026
   17.760000     1.914970     1.822341     2.007599
   17.840000     1.901260     1.808348     1.994171
   17.920000     1.887549     1.794355     1.980744
   18.000000     1.873839     1.780362     1.967316
   18.080000     1.860129     1.766369     1.953889
   18.160000     1.846418     1.752375     1.940461
   18.240000     1.832708     1.738382     1.927034
   18.320000     1.818997     1.724389     1.913606
   18.400000     1.805287     1.710396     1.900178
   18.480000     1.791577     1.696403     1.886751
   18.560000     1.777866     1.682409     1.873323
   18.640000     1.764156     1.668416     1.859896
   18.720000     1.750446     1.654423     1.846468
   18.800000     1.736735     1.640430     1.833041
   18.880000     1.723025     1.626437     1.819613
   18.960000     1.709315     1.612443     1.806186
   19.040000     1.695604     1.598450     1.792758
   19.120000     1.681894     1.584457     1.779331
   19.200000     1.668184     1.570464     1.765903
   19.280000     1.654473     1.556471     1.752476
   19.360000     1.640763     1.542477     1.739048
   19.440000     1.627053     1.528484     1.725621
   19.520000     1.613342     1.514491     1.712193
   19.600000     1.599632     1.500498     1.698766
   19.680000     1.585921     1.486505     1.685338
   19.760000     1.572211     1.472511     1.671911
   19.840000     1.558501     1.458518     1.658483
   19.920000     1.544790     1.444525     1.645056
   20.000000     1.531080     1.430532     1.631628
   20.080000     1.517370     1.416539     1.618201
   20.160000     1.503659     1.402545     1.604773
   20.240000     1.489949     1.388552     1.591346
   20.320000     1.476239     1.374559     1.577918
   20.400000     1.462528     1.360566     1.564491
   20.480000     1.448818     1.346573     1.551063
   20.560000     1.435108     1.332579     1.537636
   20.640000     1.421397     1.318586     1.524208
   20.720000     1.407687     1.304593     1.510781
   20.800000     1.393976     1.290600     1.497353
   20.880000     1.380266     1.276607     1.483926
   20.960000     1.366556     1.262613     1.470498
   21.040000     1.352845     1.248620     1.457071
   21.120000     1.339135     1.234627     1.443643
   21.200000     1.325425     1.220634     1.430216
   21.280000     1.311714     1.206641     1.416788
   21.360000     1.298004     1.192647     1.403361
   21.440000     1.284294     1.178654     1.389933
   21.520000     1.270583     1.164661     1.376506
   21.600000     1.256873     1.150668     1.363078
   21.680000     1.243163     1.136675     1.349650
   21.760000     1.229452     1.122682     1.336223
   21.840000     1.215742     1.108688     1.322795
   21.920000     1.202032     1.094695     1.309368
   22.000000     1.188321     1.080702     1.295940
   22.080000     1.174611     1.066709     1.282513
   22.160000     1.160900     1.052716     1.269085
   22.240000     1.147190     1.038722     1.255658
   22.320000     1.133480     1.024729     1.242230
   22.400000     1.119769     1.010736     1.228803
   22.480000     1.106059     0.996743     1.215375
   22.560000     1.092349     0.982750     1.201948
   22.640000     1.078638     0.968756     1.188520
   22.720000     1.064928     0.954763     1.175093
   22.800000     1.051218     0.940770     1.161665
   22.880000     1.037507     0.926777     1.148238
   22.960000     1.023797     0.912784     1.134810
   23.040000     1.010087     0.898790     1.121383
   23.120000     0.996376     0.884797     1.107955
   23.200000     0.982666     0.870804     1.094528
   23.280000     0.968956     0.856811     1.081100
   23.360000     0.955245     0.842818     1.067673
   23.440000     0.941535     0.828824     1.054245
   23.520000     0.927824     0.814831     1.040818
   23.600000     0.914114     0.800838     1.027390
   23.680000     0.900404     0.786845     1.013963
   23.760000     0.886693     0.772852     1.000535
   23.840000     0.872983     0.758858     0.987108
   23.920000     0.859273     0.744865     0.973680
   24.000000     0.845562     0.730872     0.960253
   24.080000     0.831852     0.716879     0.946825
   24.160000     0.818142     0.702886     0.933398
   24.240000     0.804431     0.688892     0.919970
   24.320000     0.790721     0.674899     0.906543
   24.400000     0.777011     0.660906     0.893115
   24.480000     0.763300     0.646913     0.879688
   24.560000     0.749590     0.632920     0.866260
   24.640000     0.735879     0.618926     0.852833
   24.720000     0.722169     0.604933     0.839405
   24.800000     0.708459     0.590940     0.825978
   24.880000     0.694748     0.576947     0.812550
