
 Initial Matrix A =
71.42 33.52 66.56 
67.87 77.49 16.79 
28.49 65.30 23.61 


End matrix A =
-1.18 -41.06 94.70 
12.24 23.79 100.88 
-16.00 21.21 70.20 


 V =
0.71 -0.26 0.65 
-0.33 0.69 0.65 
-0.62 -0.68 0.40 


I from V^TV
1.00 0.00 -0.00 
0.00 1.00 0.00 
-0.00 0.00 1.00 


I from VV^T
1.00 -0.00 -0.00 
-0.00 1.00 -0.00 
-0.00 -0.00 1.00 


U =
-0.06 -0.79 0.61 
0.61 0.46 0.65 
-0.79 0.41 0.45 


I from U^TU
1.00 -0.00 -0.00 
-0.00 1.00 0.00 
-0.00 0.00 1.00 


I from UU^T
1.00 -0.00 0.00 
-0.00 1.00 0.00 
0.00 0.00 1.00 


D =
20.18 0.00 0.00 
0.00 51.97 0.00 
0.00 0.00 155.15 


A from UDV^T
71.42 33.52 66.56 
67.87 77.49 16.79 
28.49 65.30 23.61 


