  1.00e+05 2.443754024387790e-03 3.995666674496690e-04
  2.00e+05 2.825199026017522e-04 2.218998296461550e-04
  3.00e+05 2.959477494597351e-04 1.388750032775832e-04
  4.00e+05 3.275425145203847e-04 9.599016905159630e-05
  5.00e+05 7.558316208626792e-04 7.946964786320621e-05
  6.00e+05 7.244000843273923e-04 5.864276279776703e-05
  7.00e+05 1.047287532028207e-03 3.371281422204220e-05
  8.00e+05 1.095344299891554e-03 5.835306058266099e-05
  9.00e+05 1.653803774495088e-04 4.862501513702711e-05
  1.00e+06 1.940393011272690e-04 4.644813701659700e-05
  1.10e+06 1.181382286676858e-04 2.465957322206336e-05
  1.20e+06 9.437754988246283e-04 3.107990722828191e-05
  1.30e+06 1.672545560709171e-03 3.168588452062693e-05
  1.40e+06 5.333332354746645e-04 2.695928819829163e-05
  1.50e+06 8.617311681384798e-04 3.250013012845443e-05
  1.60e+06 6.750986298387218e-05 3.026184835164258e-05
  1.70e+06 6.238989613125412e-04 2.766598597947478e-05
  1.80e+06 6.865869330709984e-04 1.076285539225452e-05
  1.90e+06 5.232024301937699e-05 2.276303797987822e-05
  2.00e+06 5.338840093607189e-04 2.011010316671502e-05
