-1 0.353227
-0.833333 0.219122
-0.666667 -0.237265
-0.5 -0.729313
-0.333333 -0.795804
-0.166667 -0.252421
0 0.540302
0.166667 0.959127
0.333333 0.703243
0.5 0.0550902
0.666667 -0.442901
0.833333 -0.499195
1 -0.240462


 -1.000000000000e+00 3.532268901611e-01 1.864668102673e-01 -1.245627184000e+09
 -9.843750000000e-01 3.548883928320e-01 2.438066838249e-02 -1.245627184000e+09
 -9.687500000000e-01 3.539343434705e-01 -1.481531832598e-01 -1.245627184000e+09
 -9.531250000000e-01 3.502099035372e-01 -3.300328160665e-01 -1.245627184000e+09
 -9.375000000000e-01 3.435786463318e-01 -5.200046008396e-01 -1.245627184000e+09
 -9.218750000000e-01 3.339248683699e-01 -7.166710509324e-01 -1.245627184000e+09
 -9.062500000000e-01 3.211557643589e-01 -9.185004298554e-01 -1.245627184000e+09
 -8.906250000000e-01 3.052034386461e-01 -1.123838064064e+00 -1.245627184000e+09
 -8.750000000000e-01 2.860267270539e-01 -1.330919287227e+00 -1.245627184000e+09
 -8.593750000000e-01 2.636128042760e-01 -1.537883928337e+00 -1.245627184000e+09
 -8.437500000000e-01 2.379785534869e-01 -1.742792242319e+00 -1.245627184000e+09
 -8.281250000000e-01 2.091716765046e-01 -1.943642168346e+00 -1.245627184000e+09
 -8.125000000000e-01 1.772715247463e-01 -2.138387787466e+00 -1.245627184000e+09
 -7.968750000000e-01 1.423896333295e-01 -2.324958837625e+00 -1.245627184000e+09
 -7.812500000000e-01 1.046699429942e-01 -2.501281130332e+00 -1.245627184000e+09
 -7.656250000000e-01 6.428869706672e-02 -2.665297699415e+00 -1.245627184000e+09
 -7.500000000000e-01 2.145400343867e-02 -2.814990498390e+00 -1.245627184000e+09
 -7.343750000000e-01 -2.359494548514e-02 -2.948402449241e+00 -1.245627184000e+09
 -7.187500000000e-01 -7.058899873519e-02 -3.063659632136e+00 -1.245627184000e+09
 -7.031250000000e-01 -1.192305190964e-01 -3.158993393019e+00 -1.245627184000e+09
 -6.875000000000e-01 -1.691951986974e-01 -3.232762134653e+00 -1.245627184000e+09
 -6.718750000000e-01 -2.201342110277e-01 -3.283472546906e+00 -1.245627184000e+09
 -6.562500000000e-01 -2.716766886607e-01 -3.309800024367e+00 -1.245627184000e+09
 -6.406250000000e-01 -3.234325119825e-01 -3.310608014318e+00 -1.245627184000e+09
 -6.250000000000e-01 -3.749953901896e-01 -3.284966036054e+00 -1.245627184000e+09
 -6.093750000000e-01 -4.259462117794e-01 -3.232166114087e+00 -1.245627184000e+09
 -5.937500000000e-01 -4.758566377727e-01 -3.151737373237e+00 -1.245627184000e+09
 -5.781250000000e-01 -5.242929070381e-01 -3.043458553345e+00 -1.245627184000e+09
 -5.625000000000e-01 -5.708198194102e-01 -2.907368215520e+00 -1.245627184000e+09
 -5.468750000000e-01 -6.150048588690e-01 -2.743772430640e+00 -1.245627184000e+09
 -5.312500000000e-01 -6.564224159541e-01 -2.553249764140e+00 -1.245627184000e+09
 -5.156250000000e-01 -6.946580658940e-01 -2.336653398894e+00 -1.245627184000e+09
 -5.000000000000e-01 -7.293128567014e-01 -2.095110269794e+00 -1.245627184000e+09
 -4.843750000000e-01 -7.600075597851e-01 -1.830017119255e+00 -1.245627184000e+09
 -4.687500000000e-01 -7.863868345077e-01 -1.543033421503e+00 -1.245627184000e+09
 -4.531250000000e-01 -8.081232576242e-01 -1.236071164775e+00 -1.245627184000e+09
 -4.375000000000e-01 -8.249211687006e-01 -9.112815235052e-01 -1.245627184000e+09
 -4.218750000000e-01 -8.365202834549e-01 -5.710384966045e-01 -1.245627184000e+09
 -4.062500000000e-01 -8.426990284976e-01 -2.179196319975e-01 -1.245627184000e+09
 -3.906250000000e-01 -8.432775531670e-01 1.453159989367e-01 -1.245627184000e+09
 -3.750000000000e-01 -8.381203770422e-01 5.157523715294e-01 -1.245627184000e+09
 -3.593750000000e-01 -8.271386352369e-01 8.903433775586e-01 -1.245627184000e+09
 -3.437500000000e-01 -8.102918876999e-01 1.265941713083e+00 -1.245627184000e+09
 -3.281250000000e-01 -7.875894634013e-01 1.639329470228e+00 -1.245627184000e+09
 -3.125000000000e-01 -7.590913154241e-01 2.007250090463e+00 -1.245627184000e+09
 -2.968750000000e-01 -7.249083685174e-01 2.366441313381e+00 -1.245627184000e+09
 -2.812500000000e-01 -6.852023465410e-01 2.713668736720e+00 -1.245627184000e+09
 -2.656250000000e-01 -6.401850733377e-01 3.045759590483e+00 -1.245627184000e+09
 -2.500000000000e-01 -5.901172468431e-01 3.359636320768e+00 -1.245627184000e+09
 -2.343750000000e-01 -5.353066925795e-01 3.652349577322e+00 -1.245627184000e+09
 -2.187500000000e-01 -4.761061089987e-01 3.921110202809e+00 -1.245627184000e+09
 -2.031250000000e-01 -4.129103233574e-01 4.163319831232e+00 -1.245627184000e+09
 -1.875000000000e-01 -3.461530828279e-01 4.376599717649e+00 -1.245627184000e+09
 -1.718750000000e-01 -2.763034113108e-01 4.558817440977e+00 -1.245627184000e+09
 -1.562500000000e-01 -2.038615678239e-01 4.708111146016e+00 -1.245627184000e+09
 -1.406250000000e-01 -1.293546473415e-01 4.822911019379e+00 -1.245627184000e+09
 -1.250000000000e-01 -5.333186948220e-02 4.901957726551e+00 -1.245627184000e+09
 -1.093750000000e-01 2.364039557548e-02 4.944317573174e+00 -1.245627184000e+09
 -9.375000000000e-02 1.009838111647e-01 4.949394192671e+00 -1.245627184000e+09
 -7.812500000000e-02 1.781134126371e-01 4.916936603777e+00 -1.245627184000e+09
 -6.250000000000e-02 2.544430426451e-01 4.847043525164e+00 -1.245627184000e+09
 -4.687500000000e-02 3.293908241280e-01 4.740163879500e+00 -1.245627184000e+09
 -3.125000000000e-02 4.023846112342e-01 4.597093465509e+00 -1.245627184000e+09
 -1.562500000000e-02 4.728673584412e-01 4.418967823389e+00 -1.245627184000e+09
 0.000000000000e+00 5.403023488980e-01 4.207251365676e+00 -1.245627184000e+09
 1.562500000000e-02 6.041782245008e-01 3.963722891871e+00 -1.245627184000e+09
 3.125000000000e-02 6.640137624181e-01 3.690457650097e+00 -1.245627184000e+09
 4.687500000000e-02 7.193623456700e-01 3.389806152366e+00 -1.245627184000e+09
 6.250000000000e-02 7.698160789189e-01 3.064369990875e+00 -1.245627184000e+09
 7.812500000000e-02 8.150095047953e-01 2.716974940704e+00 -1.245627184000e+09
 9.375000000000e-02 8.546228808137e-01 2.350641668626e+00 -1.245627184000e+09
 1.093750000000e-01 8.883849821724e-01 1.968554398024e+00 -1.245627184000e+09
 1.250000000000e-01 9.160754014052e-01 1.574027905519e+00 -1.245627184000e+09
 1.406250000000e-01 9.375263218901e-01 1.170473245499e+00 -1.245627184000e+09
 1.562500000000e-01 9.526237485357e-01 7.613626137723e-01 -1.245627184000e+09
 1.718750000000e-01 9.613081854704e-01 3.501937709392e-01 -1.245627184000e+09
 1.875000000000e-01 9.635747571680e-01 -5.954555060303e-02 -1.245627184000e+09
 2.031250000000e-01 9.594727760510e-01 -4.644128347909e-01 -1.245627184000e+09
 2.187500000000e-01 9.491047661368e-01 -8.610451526334e-01 -1.245627184000e+09
 2.343750000000e-01 9.326249586289e-01 -1.246192317615e+00 -1.245627184000e+09
 2.500000000000e-01 9.102372814250e-01 -1.616748447976e+00 -1.245627184000e+09
 2.656250000000e-01 8.821928702238e-01 -1.969781583448e+00 -1.245627184000e+09
 2.812500000000e-01 8.487871341893e-01 -2.302561034090e+00 -1.245627184000e+09
 2.968750000000e-01 8.103564139085e-01 -2.612582173027e+00 -1.245627184000e+09
 3.125000000000e-01 7.672742735880e-01 -2.897588422527e+00 -1.245627184000e+09
 3.281250000000e-01 7.199474730419e-01 -3.155590223162e+00 -1.245627184000e+09
 3.437500000000e-01 6.688116679777e-01 -3.384880818059e+00 -1.245627184000e+09
 3.593750000000e-01 6.143268893748e-01 -3.584048727722e+00 -1.245627184000e+09
 3.750000000000e-01 5.569728543524e-01 -3.751986834693e+00 -1.245627184000e+09
 3.906250000000e-01 4.972441618464e-01 -3.887898040865e+00 -1.245627184000e+09
 4.062500000000e-01 4.356454266583e-01 -3.991297502668e+00 -1.245627184000e+09
 4.218750000000e-01 3.726864050421e-01 -4.062011490201e+00 -1.245627184000e+09
 4.375000000000e-01 3.088771639648e-01 -4.100172954930e+00 -1.245627184000e+09
 4.531250000000e-01 2.447233445736e-01 -4.106213926547e+00 -1.245627184000e+09
 4.687500000000e-01 1.807215682544e-01 -4.080854892487e+00 -1.245627184000e+09
 4.843750000000e-01 1.173550310346e-01 -4.025091343284e+00 -1.245627184000e+09
 5.000000000000e-01 5.508932900869e-02 -3.940177693110e+00 -1.245627184000e+09
 5.156250000000e-01 -5.631445985969e-03 -3.827608807601e+00 -1.245627184000e+09
 5.312500000000e-01 -6.438830499687e-02 -3.689099390213e+00 -1.245627184000e+09
 5.468750000000e-01 -1.207906234956e-01 -3.526561494145e+00 -1.245627184000e+09
 5.625000000000e-01 -1.744790387092e-01 -3.342080439238e+00 -1.245627184000e+09
 5.781250000000e-01 -2.251279600667e-01 -3.137889422595e+00 -1.245627184000e+09
 5.937500000000e-01 -2.724476746489e-01 -2.916343117865e+00 -1.245627184000e+09
 6.093750000000e-01 -3.161860341679e-01 -2.679890561694e+00 -1.245627184000e+09
 6.250000000000e-01 -3.561297146778e-01 -2.431047626643e+00 -1.245627184000e+09
 6.406250000000e-01 -3.921050448840e-01 -2.172369378308e+00 -1.245627184000e+09
 6.562500000000e-01 -4.239784035440e-01 -1.906422610435e+00 -1.245627184000e+09
 6.718750000000e-01 -4.516561909983e-01 -1.635758845688e+00 -1.245627184000e+09
 6.875000000000e-01 -4.750843843000e-01 -1.362888081388e+00 -1.245627184000e+09
 7.031250000000e-01 -4.942476897011e-01 -1.090253549168e+00 -1.245627184000e+09
 7.187500000000e-01 -5.091683103573e-01 -8.202077449213e-01 -1.245627184000e+09
 7.343750000000e-01 -5.199043510094e-01 -5.549899707820e-01 -1.245627184000e+09
 7.500000000000e-01 -5.265478850468e-01 -2.967056141191e-01 -1.245627184000e+09
 7.656250000000e-01 -5.292227127315e-01 -4.730736953929e-02 -1.245627184000e+09
 7.812500000000e-01 -5.280818424124e-01 1.914214111806e-01 -1.245627184000e+09
 7.968750000000e-01 -5.233047292762e-01 4.178810795913e-01 -1.245627184000e+09
 8.125000000000e-01 -5.150943085074e-01 6.306676252041e-01 -1.245627184000e+09
 8.281250000000e-01 -5.036738616492e-01 8.285820753184e-01 -1.245627184000e+09
 8.437500000000e-01 -4.892837564347e-01 1.010637280283e+00 -1.245627184000e+09
 8.593750000000e-01 -4.721781013634e-01 1.176062035231e+00 -1.245627184000e+09
 8.750000000000e-01 -4.526213568160e-01 1.324302521435e+00 -1.245627184000e+09
 8.906250000000e-01 -4.308849445045e-01 1.455021083547e+00 -1.245627184000e+09
 9.062500000000e-01 -4.072438965383e-01 1.568092392588e+00 -1.245627184000e+09
 9.218750000000e-01 -3.819735843450e-01 1.663597078300e+00 -1.245627184000e+09
 9.375000000000e-01 -3.553465661173e-01 1.741812947706e+00 -1.245627184000e+09
 9.531250000000e-01 -3.276295893764e-01 1.803203938981e+00 -1.245627184000e+09
 9.687500000000e-01 -2.990807826742e-01 1.848406990375e+00 -1.245627184000e+09
 9.843750000000e-01 -2.699470674182e-01 1.878217032382e+00 -1.245627184000e+09
 1.000000000000e+00 -2.404618173492e-01 1.893570337051e+00 -1.245627184000e+09
