  0.000000000000e+00   1.000000000000e+00   0.000000000000e+00 
  1.000000000000e-03   9.999995000000e-01  -9.999998125000e-04 
  1.872225075959e-02   9.998247418439e-01  -1.872104101721e-02 
  7.080530704485e-02   9.974942573457e-01  -7.074309453737e-02 
  1.488122080704e-01   9.889479590584e-01  -1.482505672388e-01 
  2.395398052471e-01   9.714494357535e-01  -2.372270046522e-01 
  3.355298343543e-01   9.442435585917e-01  -3.292228672885e-01 
  4.335591284211e-01   9.074930724526e-01  -4.200383732263e-01 
  5.323594659769e-01   8.616416476454e-01  -5.074856209864e-01 
  6.314486901242e-01   8.072195096594e-01  -5.902174409867e-01 
  7.306458109656e-01   7.448097410168e-01  -6.672408554388e-01 
  8.298832100706e-01   6.750508000318e-01  -7.377331895086e-01 
  9.291356694352e-01   5.986405975648e-01  -8.009776549254e-01 
  1.028393790282e+00   5.163361809434e-01  -8.563437641699e-01 
  1.127654070535e+00   4.289497029465e-01  -9.032838819166e-01 
  1.226915205402e+00   3.373420544866e-01  -9.413351591514e-01 
  1.326176708768e+00   2.424151228195e-01  -9.701228666233e-01 
  1.425438399526e+00   1.451032319651e-01  -9.893636564639e-01 
  1.524700210203e+00   4.636408093509e-02  -9.988682041315e-01 
  1.623962115663e+00  -5.283062622545e-02  -9.985430219878e-01 
  1.723224106540e+00  -1.515047207647e-01  -9.883913627978e-01 
  1.822486179347e+00  -2.486871667672e-01  -9.685131822700e-01 
  1.921748332785e+00  -3.434216135121e-01  -9.391041535608e-01 
  2.021010566368e+00  -4.347758054179e-01  -9.004537409783e-01 
  2.120272879918e+00  -5.218507556871e-01  -8.529423510430e-01 
  2.219535273367e+00  -6.037895928662e-01  -7.970375886965e-01 
  2.318797746692e+00  -6.797859930668e-01  -7.332896554246e-01 
  2.418060299882e+00  -7.490921147903e-01  -6.623259345629e-01 
  2.517322932936e+00  -8.110259582412e-01  -5.848448170643e-01 
  2.616585645852e+00  -8.649780766950e-01  -5.016088284877e-01 
  2.715848438631e+00  -9.104175738694e-01  -4.134371248454e-01 
  2.815111311272e+00  -9.468973282777e-01  -3.211974311564e-01 
  2.914374263776e+00  -9.740583931487e-01  -2.257975020385e-01 
  3.013637296144e+00  -9.916335286145e-01  -1.281761883754e-01 
  3.112900408376e+00  -9.994498314033e-01  -2.929419797143e-02 
  3.212163600473e+00  -9.974304361585e-01   6.987535888040e-02 
  3.311426872434e+00  -9.855952716409e-01   1.683565458769e-01 
  3.410690224261e+00  -9.640608643701e-01   2.651802049855e-01 
  3.509953655954e+00  -9.330391916384e-01   3.593934940117e-01 
  3.609217167513e+00  -8.928355951825e-01   4.500692635921e-01 
  3.708480758939e+00  -8.438457760459e-01   5.363151813330e-01 
  3.807744430233e+00  -7.865519002031e-01   6.172825133018e-01 
  3.907008181394e+00  -7.215178532726e-01   6.921744764525e-01 
  4.006272012424e+00  -6.493836910148e-01   7.602540797843e-01 
  4.105535923323e+00  -5.708593402302e-01   8.208513770696e-01 
  4.204799914091e+00  -4.867176120468e-01   8.733700597732e-01 
  4.304063984729e+00  -3.977865963538e-01   9.172933252809e-01 
  4.403328135237e+00  -3.049415122306e-01   9.521889626857e-01 
  4.502592365615e+00  -2.090960945715e-01   9.777136060802e-01 
  4.601856675866e+00  -1.111936016735e-01   9.936161134980e-01 
  4.701121065987e+00  -1.219753228263e-02   9.997400382491e-01 
  4.800385535982e+00   8.691785654424e-02   9.960251683271e-01 
  4.899650085848e+00   1.851771374451e-01   9.825081187396e-01 
  4.998914715588e+00   2.816133122685e-01   9.593219709297e-01 
  5.098179425202e+00   3.752773286254e-01   9.266949628373e-01 
  5.197444214690e+00   4.652474198231e-01   8.849482424913e-01 
  5.296709084052e+00   5.506381762611e-01   8.344927072395e-01 
  5.395974033289e+00   6.306092590151e-01   7.758249597217e-01 
  5.495239062402e+00   7.043736698542e-01   7.095224203849e-01 
  5.594504171391e+00   7.712054963021e-01   6.362376446387e-01 
  5.693769360257e+00   8.304470555185e-01   5.566919005797e-01 
  5.793034629000e+00   8.815153666964e-01   4.716680704863e-01 
  5.892299977620e+00   9.239078882735e-01   3.820029459454e-01 
  5.991565406118e+00   9.572074634973e-01   2.885789924378e-01 
  6.090830914495e+00   9.810864256691e-01   1.923156644285e-01 
  6.190096502750e+00   9.953098226667e-01   9.416035643830e-02 
  6.283185307180e+00   9.997499717118e-01   1.250867831792e-03 
