  0.000000000000e+00   5.800000000000e+06   5.000000000000e+01   0.000000000000e+00 
  1.000000000000e-01   5.799994778763e+06   5.447534532388e+01   7.458912829592e-01 
  4.785832898780e-01   5.799970387372e+06   7.538224141543e+01   4.230386448363e+00 
  1.059457336800e+00   5.799913551896e+06   1.240982809569e+02   1.234982315765e+01 
  1.605465002393e+00   5.799827012578e+06   1.982745588885e+02   2.471286321548e+01 
  2.071221893487e+00   5.799713354807e+06   2.956948563627e+02   4.095033704137e+01 
  2.472293056356e+00   5.799571657369e+06   4.171485464473e+02   6.119408416671e+01 
  2.824094228451e+00   5.799400209831e+06   5.641013976365e+02   8.568877177068e+01 
  3.137515495189e+00   5.799197224490e+06   7.380853116552e+02   1.146901982797e+02 
  3.420212130556e+00   5.798960974652e+06   9.405797955383e+02   1.484455522576e+02 
  3.677740152551e+00   5.798689809706e+06   1.172999023990e+03   1.871912698834e+02 
  3.914261128393e+00   5.798382148855e+06   1.436697202463e+03   2.311539427115e+02 
  4.132975939754e+00   5.798036472822e+06   1.732975663215e+03   2.805515143687e+02 
  4.336401408268e+00   5.797651316545e+06   2.063089118438e+03   3.355943368524e+02 
  4.536209684029e+00   5.797201704627e+06   2.448442202797e+03   3.998531702073e+02 
  4.715382729133e+00   5.796727620941e+06   2.854764137610e+03   4.676149209010e+02 
  4.890959570331e+00   5.796186870380e+06   3.318217342656e+03   5.449122769919e+02 
  5.050130705871e+00   5.795621237583e+06   3.802988289358e+03   6.257741281316e+02 
  5.206426892626e+00   5.794985556526e+06   4.347784095190e+03   7.166593789689e+02 
  5.356564084978e+00   5.794289428374e+06   4.944373249754e+03   8.161983767279e+02 
  5.499782185644e+00   5.793536661130e+06   5.589489239460e+03   9.238496302844e+02 
  5.636246500991e+00   5.792728327976e+06   6.282209228097e+03   1.039462796117e+03 
  5.766413027044e+00   5.791864270054e+06   7.022666015097e+03   1.163063931243e+03 
  5.890793963500e+00   5.790943791419e+06   7.811452395808e+03   1.294756184907e+03 
  6.009877897979e+00   5.789965970190e+06   8.649354471068e+03   1.434675338781e+03 
  6.124107241976e+00   5.788929794825e+06   9.537234835072e+03   1.582970340423e+03 
  6.233875818152e+00   5.787834222606e+06   1.047598243737e+04   1.739794956538e+03 
  6.339532851337e+00   5.786678204083e+06   1.146649162379e+04   1.905304293428e+03 
  6.441388439038e+00   5.785460692807e+06   1.250965377406e+04   2.079653419110e+03 
  6.539718851107e+00   5.784180648810e+06   1.360635430835e+04   2.262996881518e+03 
  6.634771192071e+00   5.782837039456e+06   1.475747194206e+04   2.455488602221e+03 
  6.726767369271e+00   5.781428839212e+06   1.596387886343e+04   2.657281924542e+03 
  6.815907435604e+00   5.779955029007e+06   1.722644127072e+04   2.868529722084e+03 
  6.902372402832e+00   5.778414595439e+06   1.854602003302e+04   3.089384528338e+03 
  6.986326616986e+00   5.776806529938e+06   1.992347138889e+04   3.319998673054e+03 
  7.067919772727e+00   5.775129827942e+06   2.135964763990e+04   3.560524418236e+03 
  7.147288629980e+00   5.773383488084e+06   2.285539782476e+04   3.811114091409e+03 
  7.224558484704e+00   5.771566511402e+06   2.441156838109e+04   4.071920217357e+03 
  7.299844434300e+00   5.769677900575e+06   2.602900377920e+04   4.343095645738e+03 
  7.373252472092e+00   5.767716659176e+06   2.770854714619e+04   4.624793677700e+03 
  7.444880437723e+00   5.765681790935e+06   2.945104087475e+04   4.917168190558e+03 
  7.514818845814e+00   5.763572299020e+06   3.125732721926e+04   5.220373761019e+03 
  7.583151611088e+00   5.761387185338e+06   3.312824887593e+04   5.534565786451e+03 
  7.649956685810e+00   5.759125449826e+06   3.506464956612e+04   5.859900607418e+03 
  7.715306621439e+00   5.756786089765e+06   3.706737460657e+04   6.196535628818e+03 
  7.779269065456e+00   5.754368099081e+06   3.913727147791e+04   6.544629441570e+03 
  7.841907202011e+00   5.751870467669e+06   4.127519038714e+04   6.904341944148e+03 
  7.903280144232e+00   5.749292180697e+06   4.348198483685e+04   7.275834466190e+03 
  7.963443284105e+00   5.746632217917e+06   4.575851219016e+04   7.659269892351e+03 
  8.022448605532e+00   5.743889552973e+06   4.810563423884e+04   8.054812787731e+03 
  8.080344965268e+00   5.741063152692e+06   5.052421778158e+04   8.462629526083e+03 
  8.137178345221e+00   5.738151976387e+06   5.301513519484e+04   8.882888417922e+03 
  8.192992080182e+00   5.735154975131e+06   5.557926502550e+04   9.315759843518e+03 
  8.247827063264e+00   5.732071091033e+06   5.821749258054e+04   9.761416386647e+03 
  8.301721932104e+00   5.728899256489e+06   6.093071053737e+04   1.022003297318e+04 
  8.354713237566e+00   5.725638393433e+06   6.371981955607e+04   1.069178701142e+04 
  8.406835597194e+00   5.722287412552e+06   6.658572891066e+04   1.117685853713e+04 
  8.458121834906e+00   5.718845212507e+06   6.952935713147e+04   1.167543036200e+04 
  8.508603108590e+00   5.715310679099e+06   7.255163267320e+04   1.218768822824e+04 
  8.558309026449e+00   5.711682684452e+06   7.565349458311e+04   1.271382096477e+04 
  8.607267753914e+00   5.707960086133e+06   7.883589321352e+04   1.325402065299e+04 
  8.655506111319e+00   5.704141726275e+06   8.209979093089e+04   1.380848279378e+04 
  8.703049663925e+00   5.700226430649e+06   8.544616286717e+04   1.437740648385e+04 
  8.749922804653e+00   5.696213007713e+06   8.887599768996e+04   1.496099459747e+04 
  8.796148830312e+00   5.692100247627e+06   9.239029839806e+04   1.555945397490e+04 
  8.841750012045e+00   5.687886921228e+06   9.599008315302e+04   1.617299561930e+04 
  8.886747660421e+00   5.683571778959e+06   9.967638613981e+04   1.680183490141e+04 
  8.931162185634e+00   5.679153549771e+06   1.034502584568e+05   1.744619177188e+04 
  8.975013153537e+00   5.674630939954e+06   1.073127690605e+05   1.810629098594e+04 
  9.018319337528e+00   5.670002631926e+06   1.112650057384e+05   1.878236233606e+04 
  9.061098766751e+00   5.665267282987e+06   1.153080761190e+05   1.947464089425e+04 
  9.103368771154e+00   5.660423523988e+06   1.194431087438e+05   2.018336726855e+04 
  9.145146023518e+00   5.655469957939e+06   1.236712541894e+05   2.090878787195e+04 
  9.186446578591e+00   5.650405158567e+06   1.279936862310e+05   2.165115520221e+04 
  9.227285909856e+00   5.645227668783e+06   1.324116030786e+05   2.241072813879e+04 
  9.267678943985e+00   5.639935999069e+06   1.369262286765e+05   2.318777225497e+04 
  9.307640092933e+00   5.634528625816e+06   1.415388140420e+05   2.398256014174e+04 
  9.347183284650e+00   5.629003989502e+06   1.462506387382e+05   2.479537175989e+04 
  9.386321991391e+00   5.623360492848e+06   1.510630123527e+05   2.562649479884e+04 
  9.425069256953e+00   5.617596498809e+06   1.559772761239e+05   2.647622506679e+04 
  9.463437722098e+00   5.611710328485e+06   1.609948046183e+05   2.734486689622e+04 
  9.501439648904e+00   5.605700258879e+06   1.661170075415e+05   2.823273357917e+04 
  9.539086943593e+00   5.599564520561e+06   1.713453316173e+05   2.914014782190e+04 
  9.576391178600e+00   5.593301295134e+06   1.766812626305e+05   3.006744223566e+04 
  9.613363613332e+00   5.586908712594e+06   1.821263275555e+05   3.101495985099e+04 
  9.650015214132e+00   5.580384848497e+06   1.876820968361e+05   3.198305466736e+04 
  9.686356673424e+00   5.573727720947e+06   1.933501868148e+05   3.297209223868e+04 
  9.722398428213e+00   5.566935287364e+06   1.991322623359e+05   3.398245029974e+04 
  9.758150677812e+00   5.560005441062e+06   2.050300395064e+05   3.501451943176e+04 
  9.793623401016e+00   5.552936007577e+06   2.110452886495e+05   3.606870377377e+04 
  9.828826372827e+00   5.545724740741e+06   2.171798374740e+05   3.714542178543e+04 
  9.863769180753e+00   5.538369318468e+06   2.234355744686e+05   3.824510706366e+04 
  9.898461240744e+00   5.530867338240e+06   2.298144525415e+05   3.936820921816e+04 
  9.932911812875e+00   5.523216312251e+06   2.363184929361e+05   4.051519481253e+04 
  9.967130016824e+00   5.515413662183e+06   2.429497894414e+05   4.168654837603e+04 
  1.000112484730e+01   5.507456713560e+06   2.497105129446e+05   4.288277349588e+04 
  1.003490518933e+01   5.499342689685e+06   2.566029163232e+05   4.410439399177e+04 
  1.006847983350e+01   5.491068705095e+06   2.636293397223e+05   4.535195518265e+04 
  1.010185749150e+01   5.482631758441e+06   2.707922162963e+05   4.662602526237e+04 
  1.013504681197e+01   5.474028724747e+06   2.780940784586e+05   4.792719679451e+04 
  1.016805639624e+01   5.465256347086e+06   2.855375645930e+05   4.925608832123e+04 
  1.020089481477e+01   5.456311227479e+06   2.931254264002e+05   5.061334612038e+04 
  1.023357062419e+01   5.447189816936e+06   3.008605369387e+05   5.199964612512e+04 
  1.026609238461e+01   5.437888404667e+06   3.087458993282e+05   5.341569600482e+04 
  1.029846867804e+01   5.428403106223e+06   3.167846563275e+05   5.486223744982e+04 
  1.033070812750e+01   5.418729850523e+06   3.249801008082e+05   5.634004866929e+04 
  1.036281941728e+01   5.408864365608e+06   3.333356872587e+05   5.784994713282e+04 
  1.039481131453e+01   5.398802162941e+06   3.418550444695e+05   5.939279258944e+04 
  1.042669269214e+01   5.388538520129e+06   3.505419894835e+05   6.096949038773e+04 
  1.045847255357e+01   5.378068461763e+06   3.594005430824e+05   6.258099515483e+04 
  1.049016005944e+01   5.367386738247e+06   3.684349468934e+05   6.422831486008e+04 
  1.052176455643e+01   5.356487802299e+06   3.776496823780e+05   6.591251532332e+04 
  1.055329560908e+01   5.345365782653e+06   3.870494920944e+05   6.763472525236e+04 
  1.058476303445e+01   5.334014454804e+06   3.966394033486e+05   6.939614184758e+04 
  1.061617694045e+01   5.322427208199e+06   4.064247547200e+05   7.119803708060e+04 
  1.064754776843e+01   5.310597009336e+06   4.164112259120e+05   7.304176475199e+04 
  1.067888634055e+01   5.298516360206e+06   4.266048713607e+05   7.492876843313e+04 
  1.071020391286e+01   5.286177251313e+06   4.370121582463e+05   7.686059044118e+04 
  1.074151223522e+01   5.273571108243e+06   4.476400097232e+05   7.883888203393e+04 
  1.077282361902e+01   5.260688730876e+06   4.584958541181e+05   8.086541500545e+04 
  1.080415101436e+01   5.247520223740e+06   4.695876813018e+05   8.294209495775e+04 
  1.083550809793e+01   5.234054916205e+06   4.809241072900e+05   8.507097650535e+04 
  1.086690937471e+01   5.220281270087e+06   4.925144490558e+05   8.725428085702e+04 
  1.089837029504e+01   5.206186772760e+06   5.043688110889e+05   8.949441615140e+04 
  1.092990739094e+01   5.191757812478e+06   5.164981863660e+05   9.179400115635e+04 
  1.096153843567e+01   5.176979532305e+06   5.289145746740e+05   9.415589302066e+04 
  1.099328263143e+01   5.161835657974e+06   5.416311220667e+05   9.658321995928e+04 
  1.102516083178e+01   5.146308293777e+06   5.546622862362e+05   9.907941998712e+04 
  1.105719580692e+01   5.130377679014e+06   5.680240338683e+05   1.016482871177e+05 
  1.108941256227e+01   5.114021895272e+06   5.817340778641e+05   1.042940268643e+05 
  1.112183872428e+01   5.097216511961e+06   5.958121646177e+05   1.070213234216e+05 
  1.115450501112e+01   5.079934153644e+06   6.102804247058e+05   1.098354216500e+05 
  1.118744581129e+01   5.062143967714e+06   6.251638043534e+05   1.127422279323e+05 
  1.122069990256e+01   5.043810962750e+06   6.404906017276e+05   1.157484355222e+05 
  1.125431135189e+01   5.024895179129e+06   6.562931391604e+05   1.188616817104e+05 
  1.128833065312e+01   5.005350638459e+06   6.726086145487e+05   1.220907469922e+05 
  1.132281617949e+01   4.985123998901e+06   6.894801909134e+05   1.254458101852e+05 
  1.135783605276e+01   4.964152817268e+06   7.069584041511e+05   1.289387785806e+05 
  1.139347056766e+01   4.942363281099e+06   7.251029992797e+05   1.325837196212e+05 
  1.142981534802e+01   4.919667228405e+06   7.439853417143e+05   1.363974298811e+05 
  1.146698544145e+01   4.895958223609e+06   7.636915885932e+05   1.404001877978e+05 
  1.150512052678e+01   4.871106440730e+06   7.843268162879e+05   1.446167429818e+05 
  1.154439115149e+01   4.844952234099e+06   8.060201884493e+05   1.490775774515e+05 
  1.158500492036e+01   4.817298938222e+06   8.289306961239e+05   1.538203656542e+05 
  1.162720829387e+01   4.787907829996e+06   8.532510220071e+05   1.588911479969e+05 
  1.167126971269e+01   4.756505899790e+06   8.792007304216e+05   1.643433697884e+05 
  1.171740294067e+01   4.722838966008e+06   9.069820403360e+05   1.702289936556e+05 
  1.176554181057e+01   4.686845334212e+06   9.366367009634e+05   1.765679648246e+05 
  1.181492744102e+01   4.649001506361e+06   9.677629896619e+05   1.832855039769e+05 
  1.186396244542e+01   4.610505898859e+06   9.993690239992e+05   1.901750771416e+05 
  1.190809457986e+01   4.575075912699e+06   1.028407082723e+06   1.965670045778e+05 
  1.194904536086e+01   4.541537721745e+06   1.055848883820e+06   2.026633944353e+05 
  1.198923894639e+01   4.508002081658e+06   1.083243416790e+06   2.088045015519e+05 
  1.202567088626e+01   4.477078910414e+06   1.108463270572e+06   2.145078190145e+05 
  1.206142166743e+01   4.446250446366e+06   1.133566538162e+06   2.202330154727e+05 
  1.209586980727e+01   4.416095268349e+06   1.158083024417e+06   2.258717072337e+05 
  1.212892883537e+01   4.386743950760e+06   1.181908866428e+06   2.313971828121e+05 
  1.216069429754e+01   4.358164034470e+06   1.205072887516e+06   2.368130780137e+05 
  1.219130532928e+01   4.330276299977e+06   1.227641552007e+06   2.421321480162e+05 
  1.222089702233e+01   4.302997105785e+06   1.249684499218e+06   2.473683949973e+05 
  1.224958732011e+01   4.276251528859e+06   1.271263930881e+06   2.525345402594e+05 
  1.227747583646e+01   4.249975895419e+06   1.292432632951e+06   2.576414716298e+05 
  1.230464616161e+01   4.224116893439e+06   1.313234760765e+06   2.626983457957e+05 
  1.233116873794e+01   4.198629875003e+06   1.333707266083e+06   2.677128589137e+05 
  1.235710342282e+01   4.173477207133e+06   1.353881271783e+06   2.726915210837e+05 
  1.238250156165e+01   4.148626895109e+06   1.373783215873e+06   2.776398890172e+05 
  1.240740761076e+01   4.124051491052e+06   1.393435757226e+06   2.825627517220e+05 
  1.243186039862e+01   4.099727242515e+06   1.412858481722e+06   2.874642757621e+05 
  1.245589410948e+01   4.075633428872e+06   1.432068452543e+06   2.923481185848e+05 
  1.247953905730e+01   4.051751840445e+06   1.451080642073e+06   2.972175174818e+05 
  1.250282230054e+01   4.028066366466e+06   1.469908273607e+06   3.020753599266e+05 
  1.252576813616e+01   4.004562665444e+06   1.488563094738e+06   3.069242398182e+05 
  1.254839850027e+01   3.981227898979e+06   1.507055598148e+06   3.117665028731e+05 
  1.257073329656e+01   3.958050514715e+06   1.525395201661e+06   3.166042836237e+05 
  1.259279066753e+01   3.935020067921e+06   1.543590396262e+06   3.214395358163e+05 
  1.261458722075e+01   3.912127073344e+06   1.561648868999e+06   3.262740576575e+05 
  1.263613821882e+01   3.889362881461e+06   1.579577605636e+06   3.311095129033e+05 
  1.265745774001e+01   3.866719574274e+06   1.597382977096e+06   3.359474486295e+05 
  1.267855881509e+01   3.844189877046e+06   1.615070812658e+06   3.407893102958e+05 
  1.269945354439e+01   3.821767083048e+06   1.632646462347e+06   3.456364546050e+05 
  1.272015319880e+01   3.799444989032e+06   1.650114850416e+06   3.504901605516e+05 
  1.274066830704e+01   3.777217839669e+06   1.667480521378e+06   3.553516389530e+05 
  1.276100873180e+01   3.755080279277e+06   1.684747679960e+06   3.602220407630e+05 
  1.278118373619e+01   3.733027309946e+06   1.701920225752e+06   3.651024643022e+05 
  1.280120204211e+01   3.711054254916e+06   1.719001783473e+06   3.699939616114e+05 
  1.282107188180e+01   3.689156726302e+06   1.735995729612e+06   3.748975440860e+05 
  1.284080104343e+01   3.667330596754e+06   1.752905215796e+06   3.798141874505e+05 
  1.286039691165e+01   3.645571974318e+06   1.769733189475e+06   3.847448362068e+05 
  1.287986650370e+01   3.623877180216e+06   1.786482412187e+06   3.896904075973e+05 
  1.289921650187e+01   3.602242728873e+06   1.803155475919e+06   3.946517952079e+05 
  1.291845328255e+01   3.580665310170e+06   1.819754817624e+06   3.996298722062e+05 
  1.293758294246e+01   3.559141773485e+06   1.836282732225e+06   4.046254942905e+05 
  1.295661132241e+01   3.537669113271e+06   1.852741384329e+06   4.096395024003e+05 
  1.297554402875e+01   3.516244456139e+06   1.869132818681e+06   4.146727251801e+05 
  1.299438645311e+01   3.494865048960e+06   1.885458969738e+06   4.197259813019e+05 
  1.301314379005e+01   3.473528248348e+06   1.901721670101e+06   4.248000815504e+05 
  1.303182105371e+01   3.452231510692e+06   1.917922658446e+06   4.298958308622e+05 
  1.305042309266e+01   3.430972383349e+06   1.934063586487e+06   4.350140301641e+05 
  1.306895460389e+01   3.409748496382e+06   1.950146025463e+06   4.401554781556e+05 
  1.308742014564e+01   3.388557554991e+06   1.966171472019e+06   4.453209729899e+05 
  1.310582414918e+01   3.367397332616e+06   1.982141353524e+06   4.505113138604e+05 
  1.312417093005e+01   3.346265664335e+06   1.998057033090e+06   4.557273025755e+05 
  1.314246469835e+01   3.325160440858e+06   2.013919814094e+06   4.609697450481e+05 
  1.316070956844e+01   3.304079602923e+06   2.029730944332e+06   4.662394527447e+05 
  1.317890956803e+01   3.283021135993e+06   2.045491619891e+06   4.715372441159e+05 
  1.319706864685e+01   3.261983065268e+06   2.061202988728e+06   4.768639460044e+05 
  1.321519068486e+01   3.240963450919e+06   2.076866154028e+06   4.822203950530e+05 
  1.323327949988e+01   3.219960383716e+06   2.092482177217e+06   4.876074390671e+05 
  1.325133885520e+01   3.198971980643e+06   2.108052080920e+06   4.930259384366e+05 
  1.326937246661e+01   3.177996380852e+06   2.123576851623e+06   4.984767675250e+05 
  1.328738400925e+01   3.157031741760e+06   2.139057442160e+06   5.039608160794e+05 
  1.330537712433e+01   3.136076235178e+06   2.154494774133e+06   5.094789906885e+05 
  1.332335542564e+01   3.115128043554e+06   2.169889740177e+06   5.150322162692e+05 
  1.334132250580e+01   3.094185356426e+06   2.185243206015e+06   5.206214375587e+05 
  1.335928194254e+01   3.073246366781e+06   2.200556012525e+06   5.262476206944e+05 
  1.337723730490e+01   3.052309267461e+06   2.215828977694e+06   5.319117548451e+05 
  1.339519215922e+01   3.031372247780e+06   2.231062898365e+06   5.376148538546e+05 
  1.341315007530e+01   3.010433489918e+06   2.246258552067e+06   5.433579580144e+05 
  1.343111463251e+01   2.989491165350e+06   2.261416698746e+06   5.491421359036e+05 
  1.344908942591e+01   2.968543431357e+06   2.276538082360e+06   5.549684862830e+05 
  1.346707807251e+01   2.947588427302e+06   2.291623432559e+06   5.608381401389e+05 
  1.348508421763e+01   2.926624270928e+06   2.306673466263e+06   5.667522628095e+05 
  1.350311154128e+01   2.905649054608e+06   2.321688889175e+06   5.727120562171e+05 
  1.352116376505e+01   2.884660841238e+06   2.336670397457e+06   5.787187613049e+05 
  1.353924465872e+01   2.863657660389e+06   2.351618679106e+06   5.847736605047e+05 
  1.355735804764e+01   2.842637503783e+06   2.366534415699e+06   5.908780805179e+05 
  1.357550782000e+01   2.821598321060e+06   2.381418283806e+06   5.970333951342e+05 
  1.359369793471e+01   2.800538014954e+06   2.396270956686e+06   6.032410283603e+05 
  1.361193242954e+01   2.779454436377e+06   2.411093105905e+06   6.095024577185e+05 
  1.363021542969e+01   2.758345379255e+06   2.425885402965e+06   6.158192177792e+05 
  1.364855115702e+01   2.737208574817e+06   2.440648521155e+06   6.221929040282e+05 
  1.366694393969e+01   2.716041685737e+06   2.455383137298e+06   6.286251769647e+05 
  1.368539822236e+01   2.694842299855e+06   2.470089933613e+06   6.351177665322e+05 
  1.370391857746e+01   2.673607923152e+06   2.484769599848e+06   6.416724770004e+05 
  1.372250971696e+01   2.652335972451e+06   2.499422835370e+06   6.482911921786e+05 
  1.374117650500e+01   2.631023767596e+06   2.514050351344e+06   6.549758810599e+05 
  1.375992397184e+01   2.609668522651e+06   2.528652873281e+06   6.617286040684e+05 
  1.377875732874e+01   2.588267336548e+06   2.543231143642e+06   6.685515198094e+05 
  1.379768198411e+01   2.566817182947e+06   2.557785924618e+06   6.754468924349e+05 
  1.381670356128e+01   2.545314898914e+06   2.572318001298e+06   6.824170997881e+05 
  1.383582791768e+01   2.523757172809e+06   2.586828184938e+06   6.894646422529e+05 
  1.385506116603e+01   2.502140530773e+06   2.601317316667e+06   6.965921525599e+05 
  1.387440969764e+01   2.480461321814e+06   2.615786271577e+06   7.038024066091e+05 
  1.389388020791e+01   2.458715701477e+06   2.630235963134e+06   7.110983353899e+05 
  1.391347972474e+01   2.436899613598e+06   2.644667348160e+06   7.184830382414e+05 
  1.393321563978e+01   2.415008770185e+06   2.659081432274e+06   7.259597975406e+05 
  1.395309574341e+01   2.393038628853e+06   2.673479276037e+06   7.335320951105e+05 
  1.397312826364e+01   2.370984367571e+06   2.687862001859e+06   7.412036305702e+05 
  1.399332190949e+01   2.348840856683e+06   2.702230801538e+06   7.489783417795e+05 
  1.401368591996e+01   2.326602626957e+06   2.716586945058e+06   7.568604279851e+05 
  1.403423011889e+01   2.304263834034e+06   2.730931790223e+06   7.648543757436e+05 
  1.405496497709e+01   2.281818217834e+06   2.745266793803e+06   7.729649883629e+05 
  1.407590168274e+01   2.259259056724e+06   2.759593524051e+06   7.811974192251e+05 
  1.409705222139e+01   2.236579115218e+06   2.773913675028e+06   7.895572097535e+05 
  1.411842946734e+01   2.213770584340e+06   2.788229082907e+06   7.980503327532e+05 
  1.414004728842e+01   2.190825013073e+06   2.802541744759e+06   8.066832421681e+05 
  1.416192066651e+01   2.167733229586e+06   2.816853840087e+06   8.154629303270e+05 
  1.418406583670e+01   2.144485250285e+06   2.831167755621e+06   8.243969940941e+05 
  1.420650044883e+01   2.121070174300e+06   2.845486114021e+06   8.334937116787e+05 
  1.422924375539e+01   2.097476060952e+06   2.859811806981e+06   8.427621320668e+05 
  1.425231683177e+01   2.073689786305e+06   2.874148033846e+06   8.522121798494e+05 
  1.427574283438e+01   2.049696875674e+06   2.888498346104e+06   8.618547782222e+05 
  1.429954730532e+01   2.025481306537e+06   2.902866699188e+06   8.717019942750e+05 
  1.432375853318e+01   2.001025276349e+06   2.917257512478e+06   8.817672111726e+05 
  1.434840798095e+01   1.976308929087e+06   2.931675738211e+06   8.920653327028e+05 
  1.437353079575e+01   1.951310032450e+06   2.946126940325e+06   9.026130272252e+05 
  1.439916641568e+01   1.926003598218e+06   2.960617382989e+06   9.134290187930e+05 
  1.442535929138e+01   1.900361438642e+06   2.975154127144e+06   9.245344342136e+05 
  1.445215973911e+01   1.874351654666e+06   2.989745130377e+06   9.359532149565e+05 
  1.447962493606e+01   1.847938060624e+06   3.004399338927e+06   9.477126004490e+05 
  1.450782005149e+01   1.821079569446e+06   3.019126748506e+06   9.598436820485e+05 
  1.453681946530e+01   1.793729603786e+06   3.033938387420e+06   9.723820087937e+05 
  1.456670793121e+01   1.765835685559e+06   3.048846130404e+06   9.853681840375e+05 
  1.459758134023e+01   1.737339532603e+06   3.063862166056e+06   9.988483013408e+05 
  1.462954632035e+01   1.708178343558e+06   3.078997779155e+06   1.012873877287e+06 
  1.466271706846e+01   1.678288631133e+06   3.094260815014e+06   1.027500553853e+06 
  1.469720624404e+01   1.647615178414e+06   3.109650703962e+06   1.042784117624e+06 
  1.473310427323e+01   1.616129487566e+06   3.125149294883e+06   1.058771217551e+06 
  1.477043913079e+01   1.583863344108e+06   3.140705619764e+06   1.075481036128e+06 
  1.480911235126e+01   1.550958938660e+06   3.156215370700e+06   1.092875690640e+06 
  1.484882959682e+01   1.517717524476e+06   3.171505155272e+06   1.110827320252e+06 
  1.488908609157e+01   1.484596484818e+06   3.186344192712e+06   1.129109322470e+06 
  1.492926782500e+01   1.452111901814e+06   3.200497515854e+06   1.147440582332e+06 
  1.496882683050e+01   1.420692211619e+06   3.213792489426e+06   1.165565298955e+06 
  1.500740443865e+01   1.390588233501e+06   3.226150720345e+06   1.183311046154e+06 
  1.504484370229e+01   1.361878103959e+06   3.237575155020e+06   1.200596741021e+06 
  1.508113351140e+01   1.334523584983e+06   3.248117752637e+06   1.217408662380e+06 
  1.511634336652e+01   1.308427864610e+06   3.257850877729e+06   1.233771257661e+06 
  1.515057615888e+01   1.283474684387e+06   3.266849725556e+06   1.249725590056e+06 
  1.518394128008e+01   1.259549207366e+06   3.275183951165e+06   1.265316841469e+06 
  1.521654189419e+01   1.236546972067e+06   3.282914780409e+06   1.280588247524e+06 
  1.524847019880e+01   1.214376490089e+06   3.290094792642e+06   1.295578717269e+06 
  1.527980660043e+01   1.192958934979e+06   3.296768774237e+06   1.310322290784e+06 
  1.531062055365e+01   1.172226733644e+06   3.302974865947e+06   1.324848400409e+06 
  1.534097195362e+01   1.152121905962e+06   3.308745676167e+06   1.339182417871e+06 
  1.537091258497e+01   1.132594501727e+06   3.314109247289e+06   1.353346250984e+06 
  1.540048743411e+01   1.113601249883e+06   3.319089855413e+06   1.367358894704e+06 
  1.542973580931e+01   1.095104435168e+06   3.323708658523e+06   1.381236906309e+06 
  1.545869227114e+01   1.077070979635e+06   3.327984217981e+06   1.394994802384e+06 
  1.548738739615e+01   1.059471696143e+06   3.331932918005e+06   1.408645385852e+06 
  1.551584840176e+01   1.042280681605e+06   3.335569304302e+06   1.422200014093e+06 
  1.554409965796e+01   1.025474822202e+06   3.338906358989e+06   1.435668818809e+06 
  1.557216310757e+01   1.009033388141e+06   3.341955725182e+06   1.449060886677e+06 
  1.560005861323e+01   9.929376996134e+05   3.344727891804e+06   1.462384408583e+06 
  1.562780424554e+01   9.771708498208e+05   3.347232346689e+06   1.475646803490e+06 
  1.565541652337e+01   9.617174739997e+05   3.349477704268e+06   1.488854821733e+06 
  1.568291061582e+01   9.465635554458e+05   3.351471812778e+06   1.502014631777e+06 
  1.571030051270e+01   9.316962617657e+05   3.353221844833e+06   1.515131893402e+06 
  1.573759916921e+01   9.171038058877e+05   3.354734374373e+06   1.528211819739e+06 
  1.576481862969e+01   9.027753272656e+05   3.356015442438e+06   1.541259230297e+06 
  1.579197013361e+01   8.887007900289e+05   3.357070613652e+06   1.554278596319e+06 
  1.581906420701e+01   8.748708951668e+05   3.357905024989e+06   1.567274079844e+06 
  1.584611074191e+01   8.612770043344e+05   3.358523428068e+06   1.580249567598e+06 
  1.587311906519e+01   8.479110736825e+05   3.358930225993e+06   1.593208700324e+06 
  1.590009799897e+01   8.347655959503e+05   3.359129505578e+06   1.606154898472e+06 
  1.592705591366e+01   8.218335496836e+05   3.359125065641e+06   1.619091384675e+06 
  1.595400077466e+01   8.091083545187e+05   3.358920441941e+06   1.632021203540e+06 
  1.598094018367e+01   7.965838316976e+05   3.358518929226e+06   1.644947239076e+06 
  1.600788141545e+01   7.842541690319e+05   3.357923600798e+06   1.657872230170e+06 
  1.603483145063e+01   7.721138897173e+05   3.357137325918e+06   1.670798784365e+06 
  1.606179700501e+01   7.601578245630e+05   3.356162785337e+06   1.683729390100e+06 
  1.608878455595e+01   7.483810870785e+05   3.355002485201e+06   1.696666427721e+06 
  1.611580036604e+01   7.367790512008e+05   3.353658769513e+06   1.709612179287e+06 
  1.614285050470e+01   7.253473311628e+05   3.352133831342e+06   1.722568837495e+06 
  1.616994086754e+01   7.140817634279e+05   3.350429722929e+06   1.735538513643e+06 
  1.619707719424e+01   7.029783902826e+05   3.348548364802e+06   1.748523244916e+06 
  1.622426508472e+01   6.920334450077e+05   3.346491554022e+06   1.761525000970e+06 
  1.625151001403e+01   6.812433384140e+05   3.344260971670e+06   1.774545689916e+06 
  1.627881734605e+01   6.706046465528e+05   3.341858189617e+06   1.787587163831e+06 
  1.630619234607e+01   6.601140995670e+05   3.339284676703e+06   1.800651223730e+06 
  1.633364019261e+01   6.497685714313e+05   3.336541804341e+06   1.813739624228e+06 
  1.636116598812e+01   6.395650706481e+05   3.333630851637e+06   1.826854077715e+06 
  1.638877476929e+01   6.295007316396e+05   3.330553010055e+06   1.839996258305e+06 
  1.641647151649e+01   6.195728068564e+05   3.327309387661e+06   1.853167805482e+06 
  1.644426116268e+01   6.097786595608e+05   3.323901013028e+06   1.866370327411e+06 
  1.647214860178e+01   6.001157571407e+05   3.320328838785e+06   1.879605404075e+06 
  1.650013869670e+01   5.905816649307e+05   3.316593744863e+06   1.892874590207e+06 
  1.652823628694e+01   5.811740404976e+05   3.312696541458e+06   1.906179418045e+06 
  1.655644619570e+01   5.718906283931e+05   3.308637971756e+06   1.919521399851e+06 
  1.658477323683e+01   5.627292552546e+05   3.304418714412e+06   1.932902030333e+06 
  1.661322222148e+01   5.536878252574e+05   3.300039385806e+06   1.946322788936e+06 
  1.664179796451e+01   5.447643158917e+05   3.295500542111e+06   1.959785141997e+06 
  1.667050529065e+01   5.359567740479e+05   3.290802681175e+06   1.973290544777e+06 
  1.669934904051e+01   5.272633123627e+05   3.285946244235e+06   1.986840443402e+06 
  1.672833407654e+01   5.186821057871e+05   3.280931617459e+06   2.000436276754e+06 
  1.675746528874e+01   5.102113884080e+05   3.275759133347e+06   2.014079478245e+06 
  1.678674760035e+01   5.018494504730e+05   3.270429072002e+06   2.027771477525e+06 
  1.681618597341e+01   4.935946356007e+05   3.264941662256e+06   2.041513702144e+06 
  1.684578541431e+01   4.854453381756e+05   3.259297082688e+06   2.055307579136e+06 
  1.687555097927e+01   4.774000008970e+05   3.253495462517e+06   2.069154536586e+06 
  1.690548777991e+01   4.694571124711e+05   3.247536882375e+06   2.083056005154e+06 
  1.693560098869e+01   4.616152054568e+05   3.241421374996e+06   2.097013419547e+06 
  1.696589584450e+01   4.538728542314e+05   3.235148925787e+06   2.111028219981e+06 
  1.699637765812e+01   4.462286730850e+05   3.228719473320e+06   2.125101853595e+06 
  1.702705181796e+01   4.386813144154e+05   3.222132909715e+06   2.139235775870e+06 
  1.705792379561e+01   4.312294670412e+05   3.215389080957e+06   2.153431452002e+06 
  1.708899915181e+01   4.238718545761e+05   3.208487787087e+06   2.167690358337e+06 
  1.712028354222e+01   4.166072339333e+05   3.201428782351e+06   2.182013983716e+06 
  1.715178272345e+01   4.094343938986e+05   3.194211775253e+06   2.196403830849e+06 
  1.718350255930e+01   4.023521537595e+05   3.186836428503e+06   2.210861417738e+06 
  1.721544902704e+01   3.953593620418e+05   3.179302358925e+06   2.225388279033e+06 
  1.724762822389e+01   3.884548952872e+05   3.171609137259e+06   2.239985967454e+06 
  1.728004637374e+01   3.816376569181e+05   3.163756287904e+06   2.254656055178e+06 
  1.731270983411e+01   3.749065761172e+05   3.155743288543e+06   2.269400135340e+06 
  1.734562510326e+01   3.682606068233e+05   3.147569569749e+06   2.284219823427e+06 
  1.737879882763e+01   3.616987267235e+05   3.139234514456e+06   2.299116758820e+06 
  1.741223780948e+01   3.552199363394e+05   3.130737457399e+06   2.314092606262e+06 
  1.744594901497e+01   3.488232581194e+05   3.122077684423e+06   2.329149057457e+06 
  1.747993958233e+01   3.425077356089e+05   3.113254431765e+06   2.344287832626e+06 
  1.751421683068e+01   3.362724326332e+05   3.104266885200e+06   2.359510682166e+06 
  1.754878826898e+01   3.301164325328e+05   3.095114179135e+06   2.374819388333e+06 
  1.758366160542e+01   3.240388374450e+05   3.085795395618e+06   2.390215766937e+06 
  1.761884475747e+01   3.180387675755e+05   3.076309563202e+06   2.405701669223e+06 
  1.765434586206e+01   3.121153605673e+05   3.066655655807e+06   2.421278983625e+06 
  1.769017328649e+01   3.062677708406e+05   3.056832591398e+06   2.436949637762e+06 
  1.772633563979e+01   3.004951690015e+05   3.046839230618e+06   2.452715600381e+06 
  1.776284178469e+01   2.947967412504e+05   3.036674375286e+06   2.468578883464e+06 
  1.779970085016e+01   2.891716888360e+05   3.026336766806e+06   2.484541544358e+06 
  1.783692224470e+01   2.836192275135e+05   3.015825084434e+06   2.500605688052e+06 
  1.787451567019e+01   2.781385870507e+05   3.005137943466e+06   2.516773469484e+06 
  1.791249113658e+01   2.727290107440e+05   2.994273893284e+06   2.533047095972e+06 
  1.795085897744e+01   2.673897549441e+05   2.983231415253e+06   2.549428829803e+06 
  1.798962986635e+01   2.621200886149e+05   2.972008920491e+06   2.565920990894e+06 
  1.802881483415e+01   2.569192929091e+05   2.960604747507e+06   2.582525959584e+06 
  1.806842528722e+01   2.517866607727e+05   2.949017159698e+06   2.599246179530e+06 
  1.810847302686e+01   2.467214965484e+05   2.937244342653e+06   2.616084160799e+06 
  1.814897026991e+01   2.417231156019e+05   2.925284401298e+06   2.633042483100e+06 
  1.818992967042e+01   2.367908439707e+05   2.913135356877e+06   2.650123799152e+06 
  1.823136434275e+01   2.319240180279e+05   2.900795143741e+06   2.667330838231e+06 
  1.827328788607e+01   2.271219841657e+05   2.888261605953e+06   2.684666409881e+06 
  1.831571441037e+01   2.223840984898e+05   2.875532493678e+06   2.702133407832e+06 
  1.835865856412e+01   2.177097265295e+05   2.862605459347e+06   2.719734814124e+06 
  1.840213556376e+01   2.130982429608e+05   2.849478053589e+06   2.737473703450e+06 
  1.844616122499e+01   2.085490313551e+05   2.836147720950e+06   2.755353247695e+06 
  1.849075199608e+01   2.040614839439e+05   2.822611795352e+06   2.773376720704e+06 
  1.853592499338e+01   1.996350013936e+05   2.808867495280e+06   2.791547503326e+06 
  1.858169803916e+01   1.952689926099e+05   2.794911918725e+06   2.809869088665e+06 
  1.862808970206e+01   1.909628745415e+05   2.780742037777e+06   2.828345087682e+06 
  1.867511933999e+01   1.867160720340e+05   2.766354693029e+06   2.846979234937e+06 
  1.872280714606e+01   1.825280176838e+05   2.751746587600e+06   2.865775394716e+06 
  1.877117419754e+01   1.783981517280e+05   2.736914280896e+06   2.884737567376e+06 
  1.882024250812e+01   1.743259219552e+05   2.721854182037e+06   2.903869896008e+06 
  1.887003508352e+01   1.703107836569e+05   2.706562543013e+06   2.923176673330e+06 
  1.892057598095e+01   1.663521996071e+05   2.691035451529e+06   2.942662348864e+06 
  1.897189037243e+01   1.624496400782e+05   2.675268823542e+06   2.962331536379e+06 
  1.902400461216e+01   1.586025829135e+05   2.659258395594e+06   2.982189021493e+06 
  1.907694630833e+01   1.548105136418e+05   2.642999716876e+06   3.002239769483e+06 
  1.913074439925e+01   1.510729256620e+05   2.626488141174e+06   3.022488933164e+06 
  1.918542923431e+01   1.473893204894e+05   2.609718818683e+06   3.042941860828e+06 
  1.924103265950e+01   1.437592080905e+05   2.592686687850e+06   3.063604104060e+06 
  1.929758810771e+01   1.401821073145e+05   2.575386467369e+06   3.084481425316e+06 
  1.935513069376e+01   1.366575464300e+05   2.557812648455e+06   3.105579805115e+06 
  1.941369731373e+01   1.331850638037e+05   2.539959487699e+06   3.126905448497e+06 
  1.947332674827e+01   1.297642087376e+05   2.521821000789e+06   3.148464790473e+06 
  1.953405976916e+01   1.263945424898e+05   2.503390957446e+06   3.170264500064e+06 
  1.959593924820e+01   1.230756395177e+05   2.484662878097e+06   3.192311482385e+06 
  1.965901026685e+01   1.198070889772e+05   2.465630032889e+06   3.214612878134e+06 
  1.972332022436e+01   1.165884965467e+05   2.446285443939e+06   3.237176059514e+06 
  1.978891894192e+01   1.134194866029e+05   2.426621891695e+06   3.260008621702e+06 
  1.985585875833e+01   1.102997048563e+05   2.406631926911e+06   3.283118368232e+06 
  1.992419461276e+01   1.072288214819e+05   2.386307889614e+06   3.306513288904e+06 
  1.999398410722e+01   1.042065348716e+05   2.365641937284e+06   3.330201527844e+06 
  2.006528753998e+01   1.012325761035e+05   2.344626084738e+06   3.354191339158e+06 
  2.013816789858e+01   9.830671424329e+04   2.323252258790e+06   3.378491026967e+06 
  2.021269079761e+01   9.542876261836e+04   2.301512371608e+06   3.403108865774e+06 
  2.028892434263e+01   9.259858619704e+04   2.279398417354e+06   3.428052996449e+06 
  2.036693889717e+01   8.981611022419e+04   2.256902597737e+06   3.453331292039e+06 
  2.044680672417e+01   8.708133023294e+04   2.234017482926e+06   3.478951186841e+06 
  2.052860146761e+01   8.439432354214e+04   2.210736215362e+06   3.504919461096e+06 
  2.061239743462e+01   8.175526224938e+04   2.187052764462e+06   3.531241973289e+06 
  2.069826863262e+01   7.916442765294e+04   2.162962240778e+06   3.557923331570e+06 
  2.078628751373e+01   7.662222582823e+04   2.138461277415e+06   3.584966496757e+06 
  2.087652337977e+01   7.412920382047e+04   2.113548484650e+06   3.612372311530e+06 
  2.096904040929e+01   7.168606555005e+04   2.088224979786e+06   3.640138954664e+06 
  2.106389528801e+01   6.929368601430e+04   2.062494987301e+06   3.668261326685e+06 
  2.116113445813e+01   6.695312177838e+04   2.036366493839e+06   3.696730384383e+06 
  2.126079105535e+01   6.466561510579e+04   2.009851928109e+06   3.725532456786e+06 
  2.136288167564e+01   6.243258849475e+04   1.982968817363e+06   3.754648594142e+06 
  2.146740320242e+01   6.025562609220e+04   1.955740352335e+06   3.784054021573e+06 
  2.157433001631e+01   5.813643869657e+04   1.928195774883e+06   3.813717786421e+06 
  2.168361198191e+01   5.607681011754e+04   1.900370493417e+06   3.843602696465e+06 
  2.179517362624e+01   5.407852474563e+04   1.872305838025e+06   3.873665637229e+06 
  2.190891486414e+01   5.214327916762e+04   1.844048395366e+06   3.903858325467e+06 
  2.202471346907e+01   5.027258410178e+04   1.815648914176e+06   3.934128501723e+06 
  2.214242924620e+01   4.846766597137e+04   1.787160838630e+06   3.964421495399e+06 
  2.226190958921e+01   4.672937904033e+04   1.758638593306e+06   3.994682027654e+06 
  2.238299586301e+01   4.505813848445e+04   1.730135791649e+06   4.024856069866e+06 
  2.250552992232e+01   4.345388195880e+04   1.701703554340e+06   4.054892563701e+06 
  2.262936008891e+01   4.191606281585e+04   1.673389100145e+06   4.084744837039e+06 
  2.275434605448e+01   4.044367335408e+04   1.645234718005e+06   4.114371608641e+06 
  2.288036240368e+01   3.903529253812e+04   1.617277161708e+06   4.143737545754e+06 
  2.300730068992e+01   3.768915035157e+04   1.589547446155e+06   4.172813403494e+06 
  2.313507019283e+01   3.640320046631e+04   1.562070979451e+06   4.201575820083e+06 
  2.326359760953e+01   3.517519386462e+04   1.534867942284e+06   4.230006863852e+06 
  2.339282597850e+01   3.400274786366e+04   1.507953823858e+06   4.258093428279e+06 
  2.352271312712e+01   3.288340698114e+04   1.481340034067e+06   4.285826558952e+06 
  2.365322988517e+01   3.181469393460e+04   1.455034530176e+06   4.313200775889e+06 
  2.378435824913e+01   3.079415044604e+04   1.429042414983e+06   4.340213434571e+06 
  2.391608962289e+01   2.981936845854e+04   1.403366480408e+06   4.366864151134e+06 
  2.404842320873e+01   2.888801291349e+04   1.378007684211e+06   4.393154302876e+06 
  2.418136458662e+01   2.799783743007e+04   1.352965556380e+06   4.419086606190e+06 
  2.431492449144e+01   2.714669425473e+04   1.328238538177e+06   4.444664767569e+06 
  2.444911778230e+01   2.633253972405e+04   1.303824259852e+06   4.469893200423e+06 
  2.458396258677e+01   2.555343633062e+04   1.279719764950e+06   4.494776798720e+06 
  2.471947960000e+01   2.480755228237e+04   1.255921689034e+06   4.519320758684e+06 
  2.485569151796e+01   2.409315927205e+04   1.232426400328e+06   4.543530440400e+06 
  2.499262258281e+01   2.340862902611e+04   1.209230109260e+06   4.567411261714e+06 
  2.513029822216e+01   2.275242905989e+04   1.186328952707e+06   4.590968618233e+06 
  2.526874476509e+01   2.212311796593e+04   1.163719058040e+06   4.614207823994e+06 
  2.540798922195e+01   2.151934046659e+04   1.141396590889e+06   4.637134068645e+06 
  2.554805911501e+01   2.093982240854e+04   1.119357790210e+06   4.659752387382e+06 
  2.568898235035e+01   2.038336581780e+04   1.097598993345e+06   4.682067640837e+06 
  2.583078712271e+01   1.984884409790e+04   1.076116653300e+06   4.704084502602e+06 
  2.597350184772e+01   1.933519742125e+04   1.054907349849e+06   4.725807452730e+06 
  2.611715511471e+01   1.884142835148e+04   1.033967796078e+06   4.747240775570e+06 
  2.626177565718e+01   1.836659770974e+04   1.013294841296e+06   4.768388560994e+06 
  2.640739233634e+01   1.790982069426e+04   9.928854712917e+05   4.789254708014e+06 
  2.655403413577e+01   1.747026325057e+04   9.727368065650e+05   4.809842930184e+06 
  2.670173016466e+01   1.704713868618e+04   9.528460990697e+05   4.830156762244e+06 
  2.685050966777e+01   1.663970452105e+04   9.332107279182e+05   4.850199567561e+06 
  2.700040204108e+01   1.624725956096e+04   9.138281943293e+05   4.869974546110e+06 
  2.715143685183e+01   1.586914118117e+04   8.946961160738e+05   4.889484742745e+06 
  2.730364386164e+01   1.550472280872e+04   8.758122216958e+05   4.908733055495e+06 
  2.745705305302e+01   1.515341158694e+04   8.571743445026e+05   4.927722243910e+06 
  2.761169465764e+01   1.481464621223e+04   8.387804165996e+05   4.946454937188e+06 
  2.776759918733e+01   1.448789492715e+04   8.206284628648e+05   4.964933642208e+06 
  2.792479746543e+01   1.417265366255e+04   8.027165951822e+05   4.983160751155e+06 
  2.808332066078e+01   1.386844431220e+04   7.850430066901e+05   5.001138548998e+06 
  2.824320032196e+01   1.357481313377e+04   7.676059663089e+05   5.018869220557e+06 
  2.840446841321e+01   1.329132926361e+04   7.504038134236e+05   5.036354857313e+06 
  2.856715735103e+01   1.301758333796e+04   7.334349528164e+05   5.053597463846e+06 
  2.873130004180e+01   1.275318621142e+04   7.166978498217e+05   5.070598963967e+06 
  2.889692992059e+01   1.249776776498e+04   7.001910256936e+05   5.087361206541e+06 
  2.906408099076e+01   1.225097579692e+04   6.839130532166e+05   5.103885970986e+06 
  2.923278786461e+01   1.201247498996e+04   6.678625525404e+05   5.120174972470e+06 
  2.940308580495e+01   1.178194594888e+04   6.520381872492e+05   5.136229866802e+06 
  2.957501076843e+01   1.155908430203e+04   6.364386605834e+05   5.152052255115e+06 
  2.974859944917e+01   1.134359986400e+04   6.210627119557e+05   5.167643688180e+06 
  2.992388932466e+01   1.113521585216e+04   6.059091135710e+05   5.183005670577e+06 
  3.010091870235e+01   1.093366815524e+04   5.909766673024e+05   5.198139664542e+06 
  3.027972676809e+01   1.073870464866e+04   5.762642017172e+05   5.213047093634e+06 
  3.046035363627e+01   1.055008455344e+04   5.617705692651e+05   5.227729346181e+06 
  3.064284040183e+01   1.036757783555e+04   5.474946436287e+05   5.242187778536e+06 
  3.082722919379e+01   1.019096464310e+04   5.334353172512e+05   5.256423718106e+06 
  3.101356323157e+01   1.002003477760e+04   5.195914989591e+05   5.270438466263e+06 
  3.120188688295e+01   9.854587197994e+03   5.059621117628e+05   5.284233301039e+06 
  3.139224572484e+01   9.694429554451e+03   4.925460907650e+05   5.297809479681e+06 
  3.158468660645e+01   9.539377750017e+03   4.793423811970e+05   5.311168241053e+06 
  3.177925771577e+01   9.389255527892e+03   4.663499365423e+05   5.324310807930e+06 
  3.197600864833e+01   9.243894083379e+03   4.535677168162e+05   5.337238389100e+06 
  3.217499048022e+01   9.103131697520e+03   4.409946868798e+05   5.349952181423e+06 
  3.237625584393e+01   8.966813392306e+03   4.286298149027e+05   5.362453371705e+06 
  3.257985900824e+01   8.834790605100e+03   4.164720708868e+05   5.374743138508e+06 
  3.278585596230e+01   8.706920881372e+03   4.045204252801e+05   5.386822653839e+06 
  3.299430450420e+01   8.583067584340e+03   3.927738476556e+05   5.398693084760e+06 
  3.320526433398e+01   8.463099620758e+03   3.812313054841e+05   5.410355594895e+06 
  3.341879715219e+01   8.346891181359e+03   3.698917629518e+05   5.421811345867e+06 
  3.363496676363e+01   8.234321495443e+03   3.587541798606e+05   5.433061498644e+06 
  3.385383918737e+01   8.125274598315e+03   3.478175105671e+05   5.444107214835e+06 
  3.407548277271e+01   8.019639111258e+03   3.370807030055e+05   5.454949657883e+06 
  3.429996832272e+01   7.917308032603e+03   3.265426977239e+05   5.465589994244e+06 
  3.452736922452e+01   7.818178539978e+03   3.162024270090e+05   5.476029394451e+06 
  3.475776158822e+01   7.722151802361e+03   3.060588140243e+05   5.486269034173e+06 
  3.499122439392e+01   7.629132801911e+03   2.961107720176e+05   5.496310095181e+06 
  3.522783964884e+01   7.539030164433e+03   2.863572035354e+05   5.506153766300e+06 
  3.546769255408e+01   7.451755998485e+03   2.767969996995e+05   5.515801244302e+06 
  3.571087168226e+01   7.367225742405e+03   2.674290395172e+05   5.525253734740e+06 
  3.595746916752e+01   7.285358018610e+03   2.582521892039e+05   5.534512452777e+06 
  3.620758090826e+01   7.206074495005e+03   2.492653015458e+05   5.543578623959e+06 
  3.646130678376e+01   7.129299753012e+03   2.404672152881e+05   5.552453484959e+06 
  3.671875088574e+01   7.054961161916e+03   2.318567545597e+05   5.561138284278e+06 
  3.698002176752e+01   6.982988758770e+03   2.234327282823e+05   5.569634282959e+06 
  3.724523270968e+01   6.913315134280e+03   2.151939296507e+05   5.577942755215e+06 
  3.751450200673e+01   6.845875323528e+03   2.071391355859e+05   5.586064989091e+06 
  3.778795327413e+01   6.780606701901e+03   1.992671062351e+05   5.594002287063e+06 
  3.806571577915e+01   6.717448885559e+03   1.915765844746e+05   5.601755966640e+06 
  3.834792479775e+01   6.656343636203e+03   1.840662954092e+05   5.609327360955e+06 
  3.863472199835e+01   6.597234770255e+03   1.767349459172e+05   5.616717819313e+06 
  3.892625585727e+01   6.540068071721e+03   1.695812241731e+05   5.623928707755e+06 
  3.922268210740e+01   6.484791208885e+03   1.626037991927e+05   5.630961409598e+06 
  3.952416422414e+01   6.431353654447e+03   1.558013203777e+05   5.637817325968e+06 
  3.983087395184e+01   6.379706609024e+03   1.491724170703e+05   5.644497876321e+06 
  4.014299187565e+01   6.329802927706e+03   1.427156981015e+05   5.651004498971e+06 
  4.046070804276e+01   6.281597049617e+03   1.364297513469e+05   5.657338651603e+06 
  4.078422263889e+01   6.235044930201e+03   1.303131432732e+05   5.663501811797e+06 
  4.111374672534e+01   6.190103976224e+03   1.243644184930e+05   5.669495477531e+06 
  4.144950304433e+01   6.146732983135e+03   1.185820992992e+05   5.675321167718e+06 
  4.179172689906e+01   6.104892074867e+03   1.129646852053e+05   5.680980422720e+06 
  4.214066711776e+01   6.064542645803e+03   1.075106524730e+05   5.686474804881e+06 
  4.249658711167e+01   6.025647304782e+03   1.022184536235e+05   5.691805899072e+06 
  4.285976603761e+01   5.988169821095e+03   9.708651694175e+04   5.696975313237e+06 
  4.323050007780e+01   5.952075072314e+03   9.211324596599e+04   5.701984678962e+06 
  4.360910385213e+01   5.917328993797e+03   8.729701895386e+04   5.706835652052e+06 
  4.399591197840e+01   5.883898529866e+03   8.263618833768e+04   5.711529913132e+06 
  4.439128080150e+01   5.851751586380e+03   7.812908014265e+04   5.716069168271e+06 
  4.479559031141e+01   5.820856984813e+03   7.377399339338e+04   5.720455149622e+06 
  4.520924627691e+01   5.791184417590e+03   6.956919948808e+04   5.724689616094e+06 
  4.563268262481e+01   5.762704404606e+03   6.551294153629e+04   5.728774354059e+06 
  4.606636409846e+01   5.735388250869e+03   6.160343366600e+04   5.732711178083e+06 
  4.651078923619e+01   5.709208005164e+03   5.783886029065e+04   5.736501931704e+06 
  4.696649371735e+01   5.684136419602e+03   5.421737533001e+04   5.740148488250e+06 
  4.743405412980e+01   5.660146910078e+03   5.073710139362e+04   5.743652751696e+06 
  4.791409222743e+01   5.637213517362e+03   4.739612889696e+04   5.747016657586e+06 
  4.840727975271e+01   5.615310868900e+03   4.419251512900e+04   5.750242174002e+06 
  4.891434391850e+01   5.594414141140e+03   4.112428325159e+04   5.753331302607e+06 
  4.943607365851e+01   5.574499022342e+03   3.818942123206e+04   5.756286079746e+06 
  4.997332678181e+01   5.555541675693e+03   3.538588068895e+04   5.759108577635e+06 
  5.052703818833e+01   5.537518702748e+03   3.271157566206e+04   5.761800905635e+06 
  5.109822934439e+01   5.520407106961e+03   3.016438127565e+04   5.764365211617e+06 
  5.168801925323e+01   5.504184257280e+03   2.774213229935e+04   5.766803683443e+06 
  5.229763721354e+01   5.488827851664e+03   2.544262158959e+04   5.769118550559e+06 
  5.292843772678e+01   5.474315880385e+03   2.326359839702e+04   5.771312085723e+06 
  5.358191800167e+01   5.460626588979e+03   2.120276652412e+04   5.773386606887e+06 
  5.425973861557e+01   5.447738440728e+03   1.925778232064e+04   5.775344479239e+06 
  5.496374804313e+01   5.435630078446e+03   1.742625248658e+04   5.777188117435e+06 
  5.569601195021e+01   5.424280285428e+03   1.570573166660e+04   5.778919988048e+06 
  5.645884840654e+01   5.413667945363e+03   1.409371980748e+04   5.780542612247e+06 
  5.725487051242e+01   5.403772000924e+03   1.258765924181e+04   5.782058568757e+06 
  5.808703838814e+01   5.394571410827e+03   1.118493146716e+04   5.783470497122e+06 
  5.895872310804e+01   5.386045104992e+03   9.882853568997e+03   5.784781101326e+06 
  5.987378602229e+01   5.378171937493e+03   8.678674242026e+03   5.785993153820e+06 
  6.000000000000e+01   5.377165363072e+03   8.524591560169e+03   5.786148243077e+06 
