  0.000000000000e+00   5.800000000000e+06   5.000000000000e+01   0.000000000000e+00 
  1.000000000000e-01   5.799996577641e+06   5.268899591379e+01   7.333627990563e-01 
  6.437858917302e-01   5.799974456541e+06   7.006984820811e+01   5.473610643454e+00 
  1.607300582126e+00   5.799915820251e+06   1.161410974461e+02   1.803865159291e+01 
  2.577938935672e+00   5.799817715539e+06   1.932228800980e+02   3.906158049631e+01 
  3.402519426539e+00   5.799684671366e+06   2.977563521421e+02   6.757228230566e+01 
  4.105075862168e+00   5.799515878131e+06   4.303770960656e+02   1.037447726660e+02 
  4.715890021144e+00   5.799309130194e+06   5.928173907591e+02   1.480524153476e+02 
  5.256344228367e+00   5.799062033285e+06   7.869574932300e+02   2.010092217520e+02 
  5.741192516533e+00   5.798772262354e+06   1.014623017132e+03   2.631146289909e+02 
  6.180956464335e+00   5.798437595959e+06   1.277557879989e+03   3.348461607723e+02 
  6.583403733780e+00   5.798055909314e+06   1.577429737109e+03   4.166609488125e+02 
  6.954438658171e+00   5.797625162500e+06   1.915839210139e+03   5.089982895265e+02 
  7.298658501765e+00   5.797143389867e+06   2.294328185903e+03   6.122819474827e+02 
  7.636563907235e+00   5.796578051582e+06   2.738456831533e+03   7.334915867938e+02 
  7.938516599369e+00   5.795980991975e+06   3.207492855105e+03   8.615151703648e+02 
  8.234235543507e+00   5.795297345007e+06   3.744533665187e+03   1.008121328122e+03 
  8.501598606042e+00   5.794581365113e+06   4.306955161415e+03   1.161679725403e+03 
  8.764012938319e+00   5.793774283169e+06   4.940917004182e+03   1.334799826808e+03 
  9.015840427742e+00   5.792888428636e+06   5.636726839798e+03   1.524844523876e+03 
  9.255797641566e+00   5.791928696117e+06   6.390532613814e+03   1.730771269152e+03 
  9.484194463907e+00   5.790896441794e+06   7.201261321231e+03   1.952296884932e+03 
  9.701836825351e+00   5.789791417017e+06   8.069099899165e+03   2.189483083573e+03 
  9.909622188603e+00   5.788612668961e+06   8.994787634403e+03   2.442543404392e+03 
  1.010840276179e+01   5.787358946092e+06   9.979297598786e+03   2.711756308796e+03 
  1.029894760447e+01   5.786028876481e+06   1.102369653937e+04   2.997426979905e+03 
  1.048193935749e+01   5.784621044494e+06   1.212908459393e+04   3.299870912459e+03 
  1.065798182631e+01   5.783134022830e+06   1.329657008877e+04   3.619407081612e+03 
  1.082760994572e+01   5.781566385189e+06   1.452725954551e+04   3.956355265919e+03 
  1.099129931354e+01   5.779916710667e+06   1.582225418674e+04   4.311035146553e+03 
  1.114947452271e+01   5.778183584675e+06   1.718264917114e+04   4.683766153592e+03 
  1.130251622013e+01   5.776365598429e+06   1.860953395078e+04   5.074867620390e+03 
  1.145076703115e+01   5.774461347871e+06   2.010399306861e+04   5.484659059911e+03 
  1.159453653068e+01   5.772469432396e+06   2.166710711736e+04   5.913460486883e+03 
  1.173410542745e+01   5.770388453511e+06   2.329995373686e+04   6.361592752313e+03 
  1.186972910385e+01   5.768217013500e+06   2.500360861819e+04   6.829377881815e+03 
  1.200164062518e+01   5.765953714103e+06   2.677914648709e+04   7.317139410340e+03 
  1.213005331196e+01   5.763597155208e+06   2.862764207606e+04   7.825202716047e+03 
  1.225516294920e+01   5.761145933571e+06   3.055017107762e+04   8.353895351338e+03 
  1.237714969272e+01   5.758598641546e+06   3.254781108179e+04   8.903547372113e+03 
  1.249617972218e+01   5.755953865820e+06   3.462164251107e+04   9.474491668962e+03 
  1.261240667973e+01   5.753210186154e+06   3.677274954686e+04   1.006706429888e+04 
  1.272597292720e+01   5.750366174133e+06   3.900222104902e+04   1.068160481810e+04 
  1.283701064946e+01   5.747420391892e+06   4.131115148693e+04   1.131845662122e+04 
  1.294564282541e+01   5.744371390847e+06   4.370064186911e+04   1.197796728344e+04 
  1.305198408566e+01   5.741217710414e+06   4.617180067793e+04   1.266048890774e+04 
  1.315614147305e+01   5.737957876689e+06   4.872574482841e+04   1.336637848249e+04 
  1.325821511793e+01   5.734590401134e+06   5.136360062362e+04   1.409599824233e+04 
  1.335829884067e+01   5.731113779219e+06   5.408650474002e+04   1.484971604144e+04 
  1.345648069024e+01   5.727526489026e+06   5.689560523569e+04   1.562790573797e+04 
  1.355284342673e+01   5.723826989837e+06   5.979206257524e+04   1.643094758777e+04 
  1.364746495479e+01   5.720013720671e+06   6.277705067856e+04   1.725922865005e+04 
  1.374041871463e+01   5.716085098772e+06   6.585175801683e+04   1.811314321162e+04 
  1.383177403439e+01   5.712039518054e+06   6.901738872417e+04   1.899309322140e+04 
  1.392159644952e+01   5.707875347494e+06   7.227516376021e+04   1.989948874533e+04 
  1.400994799235e+01   5.703590929444e+06   7.562632211599e+04   2.083274844004e+04 
  1.409688745504e+01   5.699184577903e+06   7.907212205377e+04   2.179330004304e+04 
  1.418247062923e+01   5.694654576710e+06   8.261384240317e+04   2.278158088637e+04 
  1.426675052499e+01   5.689999177639e+06   8.625278392416e+04   2.379803843683e+04 
  1.434977757069e+01   5.685216598429e+06   8.999027071388e+04   2.484313085733e+04 
  1.443159979656e+01   5.680305020703e+06   9.382765169616e+04   2.591732760057e+04 
  1.451226300277e+01   5.675262587809e+06   9.776630216389e+04   2.702111002747e+04 
  1.459181091432e+01   5.670087402527e+06   1.018076254115e+05   2.815497206151e+04 
  1.467028532393e+01   5.664777524664e+06   1.059530544561e+05   2.931942087942e+04 
  1.474772622365e+01   5.659330968528e+06   1.102040538359e+05   3.051497763576e+04 
  1.482417192711e+01   5.653745700238e+06   1.145621215280e+05   3.174217823440e+04 
  1.489965918243e+01   5.648019634903e+06   1.190287909578e+05   3.300157413957e+04 
  1.497422327749e+01   5.642150633622e+06   1.236056331386e+05   3.429373323949e+04 
  1.504789813768e+01   5.636136500314e+06   1.282942589272e+05   3.561924075839e+04 
  1.512071641744e+01   5.629974978328e+06   1.330963214398e+05   3.697870023222e+04 
  1.519270958568e+01   5.623663746851e+06   1.380135186067e+05   3.837273454219e+04 
  1.526390800563e+01   5.617200417119e+06   1.430475958705e+05   3.980198701006e+04 
  1.533434101063e+01   5.610582528290e+06   1.482003491260e+05   4.126712258386e+04 
  1.540403697488e+01   5.603807543116e+06   1.534736277969e+05   4.276882908719e+04 
  1.547302338060e+01   5.596872843283e+06   1.588693381538e+05   4.430781856296e+04 
  1.554132688178e+01   5.589775724407e+06   1.643894468771e+05   4.588482871557e+04 
  1.560897336479e+01   5.582513390681e+06   1.700359848651e+05   4.750062445415e+04 
  1.567598800608e+01   5.575082949133e+06   1.758110513187e+05   4.915599954824e+04 
  1.574239532794e+01   5.567481403406e+06   1.817168181741e+05   5.085177842020e+04 
  1.580821925152e+01   5.559705647121e+06   1.877555348200e+05   5.258881805905e+04 
  1.587348314871e+01   5.551752456649e+06   1.939295332481e+05   5.436801010269e+04 
  1.593820989223e+01   5.543618483330e+06   2.002412335907e+05   5.619028307970e+04 
  1.600242190452e+01   5.535300245043e+06   2.066931501203e+05   5.805660483676e+04 
  1.606614120587e+01   5.526794117067e+06   2.132878977609e+05   5.996798517172e+04 
  1.612938946184e+01   5.518096322139e+06   2.200281991663e+05   6.192547869463e+04 
  1.619218803053e+01   5.509202919626e+06   2.269168924315e+05   6.393018794234e+04 
  1.625455800951e+01   5.500109793770e+06   2.339569394666e+05   6.598326676308e+04 
  1.631652028354e+01   5.490812640762e+06   2.411514352073e+05   6.808592403046e+04 
  1.637809557258e+01   5.481306954656e+06   2.485036176507e+05   7.023942769343e+04 
  1.643930448091e+01   5.471588011908e+06   2.560168788731e+05   7.244510921889e+04 
  1.650016754750e+01   5.461650854391e+06   2.636947771376e+05   7.470436847153e+04 
  1.656070529870e+01   5.451490270623e+06   2.715410502770e+05   7.701867909963e+04 
  1.662093830244e+01   5.441100775163e+06   2.795596303842e+05   7.938959445274e+04 
  1.668088722598e+01   5.430476585680e+06   2.877546601647e+05   8.181875415485e+04 
  1.674057289656e+01   5.419611597632e+06   2.961305109993e+05   8.430789136905e+04 
  1.680001636630e+01   5.408499356038e+06   3.046918030770e+05   8.685884088517e+04 
  1.685923898183e+01   5.397133024061e+06   3.134434278145e+05   8.947354812414e+04 
  1.691826245978e+01   5.385505347839e+06   3.223905729528e+05   9.215407920866e+04 
  1.697710896889e+01   5.373608617075e+06   3.315387506808e+05   9.490263224425e+04 
  1.703580122009e+01   5.361434620711e+06   3.408938292832e+05   9.772155000563e+04 
  1.709436256562e+01   5.348974596994e+06   3.504620687828e+05   1.006133342230e+05 
  1.715281710949e+01   5.336219176857e+06   3.602501613709e+05   1.035806617720e+05 
  1.721118983044e+01   5.323158319730e+06   3.702652772426e+05   1.066264030272e+05 
  1.726950672046e+01   5.309781240303e+06   3.805151169026e+05   1.097536427943e+05 
  1.732779494092e+01   5.296076324810e+06   3.910079709559e+05   1.129657042338e+05 
  1.738608300013e+01   5.282031034894e+06   4.017527887752e+05   1.162661763309e+05 
  1.744440095639e+01   5.267631796681e+06   4.127592577343e+05   1.196589455844e+05 
  1.750278065098e+01   5.252863872401e+06   4.240378949127e+05   1.231482326862e+05 
  1.756125597741e+01   5.237711211014e+06   4.356001537866e+05   1.267386351993e+05 
  1.761986319417e+01   5.222156273647e+06   4.474585489085e+05   1.304351774440e+05 
  1.767864128967e+01   5.206179828634e+06   4.596268022745e+05   1.342433690912e+05 
  1.773763241075e+01   5.189760709594e+06   4.721200160526e+05   1.381692743534e+05 
  1.779688236815e+01   5.172875528499e+06   4.849548773923e+05   1.422195941084e+05 
  1.785644123515e+01   5.155498333724e+06   4.981499024064e+05   1.464017638693e+05 
  1.791636406081e+01   5.137600200245e+06   5.117257284160e+05   1.507240713389e+05 
  1.797671172129e+01   5.119148736618e+06   5.257054652904e+05   1.551957980914e+05 
  1.803755194016e+01   5.100107489018e+06   5.401151197563e+05   1.598273912259e+05 
  1.809896051028e+01   5.080435219133e+06   5.549841088621e+05   1.646306720045e+05 
  1.816102275404e+01   5.060085028190e+06   5.703458817870e+05   1.696190900229e+05 
  1.822383525442e+01   5.039003296826e+06   5.862386705508e+05   1.748080326234e+05 
  1.828750786954e+01   5.017128413145e+06   6.027063875437e+05   1.802151993112e+05 
  1.835216599046e+01   4.994389276621e+06   6.197996754357e+05   1.858610479429e+05 
  1.841795287253e+01   4.970703611943e+06   6.375770793089e+05   1.917693087479e+05 
  1.848503157444e+01   4.945976245542e+06   6.561062213506e+05   1.979675331074e+05 
  1.855358538921e+01   4.920097776258e+06   6.754646505072e+05   2.044875732352e+05 
  1.862381425266e+01   4.892944702333e+06   6.957395725578e+05   2.113657251091e+05 
  1.869592173872e+01   4.864383425160e+06   7.170246670500e+05   2.186419077896e+05 
  1.877008184849e+01   4.834283239731e+06   7.394102327817e+05   2.263565274872e+05 
  1.884636691984e+01   4.802547734853e+06   7.629597872660e+05   2.345424778815e+05 
  1.892461550425e+01   4.769176900638e+06   7.876642884905e+05   2.432088108713e+05 
  1.900425298452e+01   4.734359355564e+06   8.133749054299e+05   2.523157390066e+05 
  1.908418853683e+01   4.698542653005e+06   8.397531819524e+05   2.617541650428e+05 
  1.916299882266e+01   4.662377284015e+06   8.663149593672e+05   2.713577566180e+05 
  1.923938599534e+01   4.626516373676e+06   8.925792924410e+05   2.809543338828e+05 
  1.931254862825e+01   4.591425830356e+06   9.182071436392e+05   2.904170260045e+05 
  1.938222522413e+01   4.557333692535e+06   9.430363146025e+05   2.996799928629e+05 
  1.944852452636e+01   4.524287111336e+06   9.670376419010e+05   3.087252467627e+05 
  1.951173517256e+01   4.492232478313e+06   9.902551901439e+05   3.175623315430e+05 
  1.957219835958e+01   4.461074686630e+06   1.012762507110e+06   3.262128062594e+05 
  1.963024344318e+01   4.430710201257e+06   1.034638444592e+06   3.347013541516e+05 
  1.968616303436e+01   4.401042053559e+06   1.055956338036e+06   3.430516084048e+05 
  1.974020785093e+01   4.371985013377e+06   1.076780384024e+06   3.512846025996e+05 
  1.979258977092e+01   4.343466205390e+06   1.097165322696e+06   3.594184719141e+05 
  1.984348743793e+01   4.315423941128e+06   1.117157392594e+06   3.674686662782e+05 
  1.989305201495e+01   4.287806054859e+06   1.136795621105e+06   3.754483240360e+05 
  1.994141223625e+01   4.260568273703e+06   1.156113069676e+06   3.833686566209e+05 
  1.998867857170e+01   4.233672802548e+06   1.175137907584e+06   3.912392898678e+05 
  2.003494656831e+01   4.207087156078e+06   1.193894294906e+06   3.990685490161e+05 
  2.008029950600e+01   4.180783215554e+06   1.212403093997e+06   4.068636904497e+05 
  2.012481050614e+01   4.154736473093e+06   1.230682438753e+06   4.146310881539e+05 
  2.016854421263e+01   4.128925426187e+06   1.248748190289e+06   4.223763835241e+05 
  2.021155814009e+01   4.103331091027e+06   1.266614302976e+06   4.301046059971e+05 
  2.025390376360e+01   4.077936608919e+06   1.284293120330e+06   4.378202707512e+05 
  2.029562740619e+01   4.052726925989e+06   1.301795615711e+06   4.455274582998e+05 
  2.033677096720e+01   4.027688530696e+06   1.319131589518e+06   4.532298797861e+05 
  2.037737252485e+01   4.002809237149e+06   1.336309831907e+06   4.609309309442e+05 
  2.041746683825e+01   3.978078005019e+06   1.353338257974e+06   4.686337370066e+05 
  2.045708576857e+01   3.953484788896e+06   1.370224020784e+06   4.763411903202e+05 
  2.049625863470e+01   3.929020411473e+06   1.386973606453e+06   4.840559820740e+05 
  2.053501251556e+01   3.904676456105e+06   1.403592914654e+06   4.917806292414e+05 
  2.057337250827e+01   3.880445175361e+06   1.420087327067e+06   4.995174975723e+05 
  2.061136195047e+01   3.856319412563e+06   1.436461766040e+06   5.072688213975e+05 
  2.064900261197e+01   3.832292534382e+06   1.452720744914e+06   5.150367207033e+05 
  2.068631486150e+01   3.808358372436e+06   1.468868411555e+06   5.228232160093e+05 
  2.072331781208e+01   3.784511172530e+06   1.484908586095e+06   5.306302413749e+05 
  2.076002944839e+01   3.760745550381e+06   1.500844793793e+06   5.384596558265e+05 
  2.079646673911e+01   3.737056452683e+06   1.516680293819e+06   5.463132534981e+05 
  2.083264573603e+01   3.713439122922e+06   1.532418104459e+06   5.541927726194e+05 
  2.086858166213e+01   3.689889071082e+06   1.548061025340e+06   5.620999035783e+05 
  2.090428899008e+01   3.666402046776e+06   1.563611657055e+06   5.700362961686e+05 
  2.093978151246e+01   3.642974015257e+06   1.579072418579e+06   5.780035661645e+05 
  2.097507240492e+01   3.619601135960e+06   1.594445562732e+06   5.860033013079e+05 
  2.101017428288e+01   3.596279743300e+06   1.609733189928e+06   5.940370667720e+05 
  2.104509925321e+01   3.573006329210e+06   1.624937260537e+06   6.021064102527e+05 
  2.107985896079e+01   3.549777527476e+06   1.640059605877e+06   6.102128666472e+05 
  2.111446463140e+01   3.526590099333e+06   1.655101938180e+06   6.183579624866e+05 
  2.114892711052e+01   3.503440920513e+06   1.670065859441e+06   6.265432200460e+05 
  2.118325689930e+01   3.480326969234e+06   1.684952869478e+06   6.347701612884e+05 
  2.121746418765e+01   3.457245315195e+06   1.699764373189e+06   6.430403116158e+05 
  2.125155888495e+01   3.434193109379e+06   1.714501687130e+06   6.513552034917e+05 
  2.128555064846e+01   3.411167574639e+06   1.729166045437e+06   6.597163799243e+05 
  2.131944891011e+01   3.388165996846e+06   1.743758605255e+06   6.681253978992e+05 
  2.135326290143e+01   3.365185716651e+06   1.758280451621e+06   6.765838317274e+05 
  2.138700167731e+01   3.342224121619e+06   1.772732601981e+06   6.850932763996e+05 
  2.142067413822e+01   3.319278638921e+06   1.787116010206e+06   6.936553508725e+05 
  2.145428905173e+01   3.296346728195e+06   1.801431570368e+06   7.022717014366e+05 
  2.148785507279e+01   3.273425874902e+06   1.815680120061e+06   7.109440050373e+05 
  2.152138076345e+01   3.250513583751e+06   1.829862443534e+06   7.196739727146e+05 
  2.155487461199e+01   3.227607372403e+06   1.843979274510e+06   7.284633530866e+05 
  2.158834505145e+01   3.204704765284e+06   1.858031298776e+06   7.373139359397e+05 
  2.162180047786e+01   3.181803287542e+06   1.872019156533e+06   7.462275559243e+05 
  2.165524926823e+01   3.158900459032e+06   1.885943444568e+06   7.552060964006e+05 
  2.168869979832e+01   3.135993788349e+06   1.899804718213e+06   7.642514934382e+05 
  2.172216046040e+01   3.113080766886e+06   1.913603493127e+06   7.733657399877e+05 
  2.175563968121e+01   3.090158862752e+06   1.927340246954e+06   7.825508902948e+05 
  2.178914593992e+01   3.067225514662e+06   1.941015420806e+06   7.918090645316e+05 
  2.182268778654e+01   3.044278125702e+06   1.954629420605e+06   8.011424536925e+05 
  2.185627386056e+01   3.021314056942e+06   1.968182618276e+06   8.105533247815e+05 
  2.188991291039e+01   2.998330620730e+06   1.981675352892e+06   8.200440263780e+05 
  2.192361381310e+01   2.975325073921e+06   1.995107931584e+06   8.296169944954e+05 
  2.195738559532e+01   2.952294610601e+06   2.008480630461e+06   8.392747589376e+05 
  2.199123745472e+01   2.929236354628e+06   2.021793695328e+06   8.490199500438e+05 
  2.202517878279e+01   2.906147351669e+06   2.035047342349e+06   8.588553059821e+05 
  2.205921918873e+01   2.883024560845e+06   2.048241758574e+06   8.687836805811e+05 
  2.209336852483e+01   2.859864845766e+06   2.061377102411e+06   8.788080518226e+05 
  2.212763691342e+01   2.836664965085e+06   2.074453503931e+06   8.889315309843e+05 
  2.216203477558e+01   2.813421562316e+06   2.087471065100e+06   8.991573725837e+05 
  2.219657286207e+01   2.790131154879e+06   2.100429859926e+06   9.094889851948e+05 
  2.223126228639e+01   2.766790122397e+06   2.113329934423e+06   9.199299431796e+05 
  2.226611456051e+01   2.743394694032e+06   2.126171306473e+06   9.304839994950e+05 
  2.230114163363e+01   2.719940934653e+06   2.138953965606e+06   9.411550997409e+05 
  2.233635593416e+01   2.696424729996e+06   2.151677872544e+06   9.519473974601e+05 
  2.237177041541e+01   2.672841770404e+06   2.164342958625e+06   9.628652709708e+05 
  2.240739860538e+01   2.649187533213e+06   2.176949124978e+06   9.739133418086e+05 
  2.244325466149e+01   2.625457263341e+06   2.189496241559e+06   9.850964950999e+05 
  2.247935343018e+01   2.601645952308e+06   2.201984145788e+06   9.964199019042e+05 
  2.251571051293e+01   2.577748314943e+06   2.214412641026e+06   1.007889044031e+06 
  2.255234233837e+01   2.553758764191e+06   2.226781494500e+06   1.019509741309e+06 
  2.258926624232e+01   2.529671383191e+06   2.239090434892e+06   1.031288181917e+06 
  2.262650055594e+01   2.505479894786e+06   2.251339149287e+06   1.043230955927e+06 
  2.266406470337e+01   2.481177627972e+06   2.263527279453e+06   1.055345092575e+06 
  2.270197930963e+01   2.456757481242e+06   2.275654417183e+06   1.067638101575e+06 
  2.274026632047e+01   2.432211882317e+06   2.287720098594e+06   1.080118019089e+06 
  2.277894913485e+01   2.407532744257e+06   2.299723796993e+06   1.092793458750e+06 
  2.281805275170e+01   2.382711417764e+06   2.311664913952e+06   1.105673668284e+06 
  2.285760393197e+01   2.357738639659e+06   2.323542768096e+06   1.118768592245e+06 
  2.289763137722e+01   2.332604477725e+06   2.335356580928e+06   1.132088941347e+06 
  2.293816592517e+01   2.307298272552e+06   2.347105458776e+06   1.145646268671e+06 
  2.297924076222e+01   2.281808577508e+06   2.358788369640e+06   1.159453052851e+06 
  2.302089165196e+01   2.256123098677e+06   2.370404113368e+06   1.173522787955e+06 
  2.306315717624e+01   2.230228638026e+06   2.381951282955e+06   1.187870079019e+06 
  2.310607898231e+01   2.204111045186e+06   2.393428213886e+06   1.202510740928e+06 
  2.314970202435e+01   2.177755185989e+06   2.404832917428e+06   1.217461896584e+06 
  2.319407478016e+01   2.151144940213e+06   2.416162992352e+06   1.232742067435e+06 
  2.323924941041e+01   2.124263248297e+06   2.427415507172e+06   1.248371244530e+06 
  2.328528180928e+01   2.097092236224e+06   2.438586842401e+06   1.264370921375e+06 
  2.333223146591e+01   2.069613462764e+06   2.449672478352e+06   1.280764058884e+06 
  2.338016101261e+01   2.041808354408e+06   2.460666709183e+06   1.297574936409e+06 
  2.342913527294e+01   2.013658922897e+06   2.471562258004e+06   1.314828819099e+06 
  2.347921953494e+01   1.985148899614e+06   2.482349761856e+06   1.332551338531e+06 
  2.353047666314e+01   1.956265467915e+06   2.493017091554e+06   1.350767440531e+06 
  2.358296254032e+01   1.927001818400e+06   2.503548475387e+06   1.369499706212e+06 
  2.363671924743e+01   1.897360764378e+06   2.513923418348e+06   1.388765817274e+06 
  2.369176546383e+01   1.867359573018e+06   2.524115468871e+06   1.408574958111e+06 
  2.374808402076e+01   1.837035884921e+06   2.534091007570e+06   1.428923107509e+06 
  2.380560766203e+01   1.806453985411e+06   2.543808430553e+06   1.449787584036e+06 
  2.386420600112e+01   1.775709734836e+06   2.553218331657e+06   1.471121933507e+06 
  2.392367889051e+01   1.744931504951e+06   2.562265394614e+06   1.492853100434e+06 
  2.398376222870e+01   1.714274402417e+06   2.570892418970e+06   1.514883178613e+06 
  2.404414940889e+01   1.683906883788e+06   2.579046070599e+06   1.537097045613e+06 
  2.410452499441e+01   1.653992355249e+06   2.586682902076e+06   1.559374742675e+06 
  2.416460070321e+01   1.624671284780e+06   2.593773732014e+06   1.581604983205e+06 
  2.422414261647e+01   1.596049253123e+06   2.600305118868e+06   1.603695628009e+06 
  2.428298357099e+01   1.568193271218e+06   2.606277972437e+06   1.625578756344e+06 
  2.434102161698e+01   1.541135109162e+06   2.611704362673e+06   1.647210528165e+06 
  2.439820964613e+01   1.514878536346e+06   2.616603808862e+06   1.668567654792e+06 
  2.445454175030e+01   1.489407509061e+06   2.620999964387e+06   1.689642526551e+06 
  2.451004016574e+01   1.464693448522e+06   2.624918100408e+06   1.710438451070e+06 
  2.456474463171e+01   1.440700866266e+06   2.628383417766e+06   1.730965715968e+06 
  2.461870456056e+01   1.417391309316e+06   2.631420036289e+06   1.751238654395e+06 
  2.467197368845e+01   1.394725919555e+06   2.634050467848e+06   1.771273612597e+06 
  2.472460663890e+01   1.372666974362e+06   2.636295403554e+06   1.791087622084e+06 
  2.477665684496e+01   1.351178732933e+06   2.638173689291e+06   1.810697577776e+06 
  2.482817538464e+01   1.330227834960e+06   2.639702405003e+06   1.830119760038e+06 
  2.487921040387e+01   1.309783424692e+06   2.640896994624e+06   1.849369580684e+06 
  2.492980690421e+01   1.289817114649e+06   2.641771415159e+06   1.868461470192e+06 
  2.498000674740e+01   1.270302862157e+06   2.642338287218e+06   1.887408850625e+06 
  2.502984878318e+01   1.251216803296e+06   2.642609037814e+06   1.906224158890e+06 
  2.507936904042e+01   1.232537071560e+06   2.642594031176e+06   1.924918897264e+06 
  2.512860094624e+01   1.214243616318e+06   2.642302686168e+06   1.943503697514e+06 
  2.517757555151e+01   1.196318029616e+06   2.641743580392e+06   1.961988389992e+06 
  2.522632175030e+01   1.178743385514e+06   2.640924541841e+06   1.980382072645e+06 
  2.527486648702e+01   1.161504093468e+06   2.639852729270e+06   1.998693177261e+06 
  2.532323494817e+01   1.144585766026e+06   2.638534702548e+06   2.016929531426e+06 
  2.537145073721e+01   1.127975100306e+06   2.636976484222e+06   2.035098415473e+06 
  2.541953603367e+01   1.111659772023e+06   2.635183613421e+06   2.053206614556e+06 
  2.546751173627e+01   1.095628341219e+06   2.633161193121e+06   2.071260465660e+06 
  2.551539759202e+01   1.079870168279e+06   2.630913931642e+06   2.089265900079e+06 
  2.556321231220e+01   1.064375339208e+06   2.628446179170e+06   2.107228481621e+06 
  2.561097367631e+01   1.049134599183e+06   2.625761959979e+06   2.125153440838e+06 
  2.565869862598e+01   1.034139293180e+06   2.622865000876e+06   2.143045705943e+06 
  2.570640334910e+01   1.019381313118e+06   2.619758756437e+06   2.160909930445e+06 
  2.575410335571e+01   1.004853050591e+06   2.616446431394e+06   2.178750518014e+06 
  2.580181354669e+01   9.905473545150e+05   2.612931000569e+06   2.196571644916e+06 
  2.584954827581e+01   9.764574931598e+05   2.609215226635e+06   2.214377280206e+06 
  2.589732140600e+01   9.625771200564e+05   2.605301676012e+06   2.232171203932e+06 
  2.594514636059e+01   9.489002432901e+05   2.601192733089e+06   2.249957023621e+06 
  2.599303616984e+01   9.354211978459e+05   2.596890613002e+06   2.267738189153e+06 
  2.604100351388e+01   9.221346205454e+05   2.592397373092e+06   2.285518006362e+06 
  2.608906076179e+01   9.090354274165e+05   2.587714923249e+06   2.303299649335e+06 
  2.613722000755e+01   8.961187932008e+05   2.582845035237e+06   2.321086171562e+06 
  2.618549310341e+01   8.833801326751e+05   2.577789351115e+06   2.338880516210e+06 
  2.623389169088e+01   8.708150836394e+05   2.572549390829e+06   2.356685525532e+06 
  2.628242722914e+01   8.584194915175e+05   2.567126559138e+06   2.374503949344e+06 
  2.633111102211e+01   8.461893951507e+05   2.561522151833e+06   2.392338453016e+06 
  2.637995424337e+01   8.341210139121e+05   2.555737361420e+06   2.410191624668e+06 
  2.642896795989e+01   8.222107358427e+05   2.549773282253e+06   2.428065981905e+06 
  2.647816315421e+01   8.104551068043e+05   2.543630915215e+06   2.445963977980e+06 
  2.652755074575e+01   7.988508204728e+05   2.537311171952e+06   2.463888007575e+06 
  2.657714161087e+01   7.873947091503e+05   2.530814878721e+06   2.481840412129e+06 
  2.662694660216e+01   7.760837353130e+05   2.524142779901e+06   2.499823484786e+06 
  2.667697656716e+01   7.649149837456e+05   2.517295541140e+06   2.517839475115e+06 
  2.672724236610e+01   7.538856543406e+05   2.510273752241e+06   2.535890593418e+06 
  2.677775488931e+01   7.429930554235e+05   2.503077929777e+06   2.553979014799e+06 
  2.682852507413e+01   7.322345975313e+05   2.495708519423e+06   2.572106883046e+06 
  2.687956392149e+01   7.216077876783e+05   2.488165898087e+06   2.590276314235e+06 
  2.693088251215e+01   7.111102240065e+05   2.480450375809e+06   2.608489400185e+06 
  2.698249202288e+01   7.007395908088e+05   2.472562197457e+06   2.626748211734e+06 
  2.703440374223e+01   6.904936539252e+05   2.464501544258e+06   2.645054801817e+06 
  2.708662908645e+01   6.803702564233e+05   2.456268535139e+06   2.663411208438e+06 
  2.713917961539e+01   6.703673145737e+05   2.447863227901e+06   2.681819457525e+06 
  2.719206704834e+01   6.604828141016e+05   2.439285620253e+06   2.700281565646e+06 
  2.724530328006e+01   6.507148066743e+05   2.430535650693e+06   2.718799542633e+06 
  2.729890039701e+01   6.410614066136e+05   2.421613199251e+06   2.737375394136e+06 
  2.735287069371e+01   6.315207878329e+05   2.412518088116e+06   2.756011124051e+06 
  2.740722668954e+01   6.220911809354e+05   2.403250082109e+06   2.774708736956e+06 
  2.746198114568e+01   6.127708705288e+05   2.393808889073e+06   2.793470240399e+06 
  2.751714708273e+01   6.035581926720e+05   2.384194160118e+06   2.812297647210e+06 
  2.757273779854e+01   5.944515324956e+05   2.374405489777e+06   2.831192977728e+06 
  2.762876688651e+01   5.854493219865e+05   2.364442416070e+06   2.850158261943e+06 
  2.768524825477e+01   5.765500378583e+05   2.354304420435e+06   2.869195541707e+06 
  2.774219614584e+01   5.677521995702e+05   2.343990927563e+06   2.888306872866e+06 
  2.779962515678e+01   5.590543674849e+05   2.333501305183e+06   2.907494327332e+06 
  2.785755026054e+01   5.504551410855e+05   2.322834863680e+06   2.926759995235e+06 
  2.791598682774e+01   5.419531573489e+05   2.311990855700e+06   2.946105986952e+06 
  2.797495064939e+01   5.335470892016e+05   2.300968475644e+06   2.965534435155e+06 
  2.803445796091e+01   5.252356440347e+05   2.289766859041e+06   2.985047496924e+06 
  2.809452546674e+01   5.170175623531e+05   2.278385081900e+06   3.004647355747e+06 
  2.815517036632e+01   5.088916164878e+05   2.266822159955e+06   3.024336223558e+06 
  2.821641038120e+01   5.008566093787e+05   2.255077047834e+06   3.044116342787e+06 
  2.827826378344e+01   4.929113734498e+05   2.243148638175e+06   3.063989988376e+06 
  2.834074942519e+01   4.850547695601e+05   2.231035760679e+06   3.083959469761e+06 
  2.840388676987e+01   4.772856860237e+05   2.218737181112e+06   3.104027132864e+06 
  2.846769592478e+01   4.696030376959e+05   2.206251600239e+06   3.124195362065e+06 
  2.853219767531e+01   4.620057651380e+05   2.193577652740e+06   3.144466582122e+06 
  2.859741352084e+01   4.544928338472e+05   2.180713906078e+06   3.164843260075e+06 
  2.866336571231e+01   4.470632335689e+05   2.167658859384e+06   3.185327907048e+06 
  2.873007729170e+01   4.397159776689e+05   2.154410942305e+06   3.205923080026e+06 
  2.879757213330e+01   4.324501026026e+05   2.140968513924e+06   3.226631383473e+06 
  2.886587498719e+01   4.252646674198e+05   2.127329861642e+06   3.247455470939e+06 
  2.893501152443e+01   4.181587533993e+05   2.113493200212e+06   3.268398046389e+06 
  2.900500838461e+01   4.111314637351e+05   2.099456670821e+06   3.289461865444e+06 
  2.907589322518e+01   4.041819233387e+05   2.085218340358e+06   3.310649736303e+06 
  2.914769477302e+01   3.973092787363e+05   2.070776200861e+06   3.331964520402e+06 
  2.922044287816e+01   3.905126980542e+05   2.056128169175e+06   3.353409132770e+06 
  2.929416856930e+01   3.837913711485e+05   2.041272086980e+06   3.374986541871e+06 
  2.936890411119e+01   3.771445098572e+05   2.026205721196e+06   3.396699768947e+06 
  2.944468306364e+01   3.705713484021e+05   2.010926764901e+06   3.418551886696e+06 
  2.952154034189e+01   3.640711439487e+05   1.995432838858e+06   3.440546017193e+06 
  2.959951227790e+01   3.576431773584e+05   1.979721493814e+06   3.462685328828e+06 
  2.967863668212e+01   3.512867541383e+05   1.963790213711e+06   3.484973032150e+06 
  2.975895290486e+01   3.450012056355e+05   1.947636420061e+06   3.507412374303e+06 
  2.984050189658e+01   3.387858904918e+05   1.931257477670e+06   3.530006631838e+06 
  2.992332626585e+01   3.326401963976e+05   1.914650702020e+06   3.552759101582e+06 
  3.000747033347e+01   3.265635421965e+05   1.897813368675e+06   3.575673089129e+06 
  3.009298018111e+01   3.205553803670e+05   1.880742725040e+06   3.598751894593e+06 
  3.017990369192e+01   3.146151999573e+05   1.863436005037e+06   3.621998795006e+06 
  3.026829058066e+01   3.087425300095e+05   1.845890447158e+06   3.645417022833e+06 
  3.035819240945e+01   3.029369435576e+05   1.828103316631e+06   3.669009739811e+06 
  3.044966258550e+01   2.971980622482e+05   1.810071932358e+06   3.692780005394e+06 
  3.054275633510e+01   2.915255616827e+05   1.791793699583e+06   3.716730738734e+06 
  3.063753064813e+01   2.859191775483e+05   1.773266149242e+06   3.740864673209e+06 
  3.073404418584e+01   2.803787126083e+05   1.754486985086e+06   3.765184302306e+06 
  3.083235714283e+01   2.749040446555e+05   1.735454139924e+06   3.789691815421e+06 
  3.093253105389e+01   2.694951354602e+05   1.716165842247e+06   3.814389022293e+06 
  3.103462853368e+01   2.641520407893e+05   1.696620694788e+06   3.839277264422e+06 
  3.113871293684e+01   2.588749214935e+05   1.676817766466e+06   3.864357312041e+06 
  3.124484792418e+01   2.536640556355e+05   1.656756699187e+06   3.889629245178e+06 
  3.135309692046e+01   2.485198515552e+05   1.636437830825e+06   3.915092317620e+06 
  3.146352244874e+01   2.434428616619e+05   1.615862335286e+06   3.940744803052e+06 
  3.157618532773e+01   2.384337966271e+05   1.595032380076e+06   3.966583823297e+06 
  3.169114372134e+01   2.334935394581e+05   1.573951300778e+06   3.992605159764e+06 
  3.180845203452e+01   2.286231587554e+05   1.552623790666e+06   4.018803050578e+06 
  3.192815965768e+01   2.238239201800e+05   1.531056101826e+06   4.045169977994e+06 
  3.205030957366e+01   2.190972949117e+05   1.509256251977e+06   4.071696453111e+06 
  3.217493685632e+01   2.144449635981e+05   1.487234228494e+06   4.098370807908e+06 
  3.230206710860e+01   2.098688140913e+05   1.465002178192e+06   4.125179007717e+06 
  3.243171491040e+01   2.053709311131e+05   1.442574568374e+06   4.152104500513e+06 
  3.256388236793e+01   2.009535760540e+05   1.419968302176e+06   4.179128121770e+06 
  3.269855787630e+01   1.966191553931e+05   1.397202769754e+06   4.206228074852e+06 
  3.283571521936e+01   1.923701768122e+05   1.374299817163e+06   4.233380006025e+06 
  3.297531313132e+01   1.882091930047e+05   1.351283617498e+06   4.260557189497e+06 
  3.311729542873e+01   1.841387343906e+05   1.328180434499e+06   4.287730831110e+06 
  3.326159178658e+01   1.801612333443e+05   1.305018277182e+06   4.314870489474e+06 
  3.340811918100e+01   1.762789438731e+05   1.281826454356e+06   4.341944601771e+06 
  3.355678395657e+01   1.724938617675e+05   1.258635049035e+06   4.368921089197e+06 
  3.370748441142e+01   1.688076507455e+05   1.235474342322e+06   4.395768006933e+06 
  3.386011373586e+01   1.652215799445e+05   1.212374223080e+06   4.422454196975e+06 
  3.401456310518e+01   1.617364771742e+05   1.189363621620e+06   4.448949901206e+06 
  3.417072471610e+01   1.583527008458e+05   1.166470002815e+06   4.475227296339e+06 
  3.432849457433e+01   1.550701316355e+05   1.143718946749e+06   4.501260921615e+06 
  3.448777488327e+01   1.518881830322e+05   1.121133834429e+06   4.527027982539e+06 
  3.464847593506e+01   1.488058284042e+05   1.098735645342e+06   4.552508526254e+06 
  3.481051746509e+01   1.458216410835e+05   1.076542862927e+06   4.577685495989e+06 
  3.497382948105e+01   1.429338434841e+05   1.054571476212e+06   4.602544680304e+06 
  3.513835261789e+01   1.401403612651e+05   1.032835060552e+06   4.627074578183e+06 
  3.530403809518e+01   1.374388789639e+05   1.011344918189e+06   4.651266202847e+06 
  3.547084736400e+01   1.348268942009e+05   9.901102595796e+05   4.675112846219e+06 
  3.563875153007e+01   1.323017683217e+05   9.691384083892e+05   4.698609823289e+06 
  3.580773063340e+01   1.298607720616e+05   9.484350157441e+05   4.721754212194e+06 
  3.597777285011e+01   1.275011255053e+05   9.280042728531e+05   4.744544601642e+06 
  3.614887367059e+01   1.252200320940e+05   9.078491139508e+05   4.766980853955e+06 
  3.632103509225e+01   1.230147068392e+05   8.879714045002e+05   4.789063888661e+06 
  3.649426485380e+01   1.208823991473e+05   8.683721117668e+05   4.810795489086e+06 
  3.666857572843e+01   1.188204107944e+05   8.490514565321e+05   4.832178132674e+06 
  3.684398488534e+01   1.168261096599e+05   8.300090459336e+05   4.853214844406e+06 
  3.702051332213e+01   1.148969398488e+05   8.112439883911e+05   4.873909071760e+06 
  3.719818536791e+01   1.130304287861e+05   7.927549919178e+05   4.894264579296e+06 
  3.737702825375e+01   1.112241918219e+05   7.745404474180e+05   4.914285360760e+06 
  3.755707174545e+01   1.094759348271e+05   7.565984987072e+05   4.933975566466e+06 
  3.773834783295e+01   1.077834551880e+05   7.389271009064e+05   4.953339443906e+06 
  3.792089047074e+01   1.061446415499e+05   7.215240687878e+05   4.972381289662e+06 
  3.810473536266e+01   1.045574726039e+05   7.043871165654e+05   4.991105410831e+06 
  3.828991978652e+01   1.030200151511e+05   6.875138903649e+05   5.009516094484e+06 
  3.847648245301e+01   1.015304216401e+05   6.709019945324e+05   5.027617583827e+06 
  3.866446339417e+01   1.000869273393e+05   6.545490128116e+05   5.045414059849e+06 
  3.885390387798e+01   9.868784726065e+04   6.384525251746e+05   5.062909627565e+06 
  3.904484634486e+01   9.733157294048e+04   6.226101211064e+05   5.080108305953e+06 
  3.923733436363e+01   9.601656914826e+04   6.070194099019e+05   5.097014020950e+06 
  3.943141260428e+01   9.474137058252e+04   5.916780285043e+05   5.113630600913e+06 
  3.962712682524e+01   9.350457859924e+04   5.765836473309e+05   5.129961774070e+06 
  3.982452387293e+01   9.230485800845e+04   5.617339744876e+05   5.146011167504e+06 
  4.002365169289e+01   9.114093395569e+04   5.471267585900e+05   5.161782307454e+06 
  4.022455935048e+01   9.001158891173e+04   5.327597905272e+05   5.177278620561e+06 
  4.042729706028e+01   8.891565977877e+04   5.186309043429e+05   5.192503435878e+06 
  4.063191622329e+01   8.785203512028e+04   5.047379774178e+05   5.207459987462e+06 
  4.083846947194e+01   8.681965251499e+04   4.910789300566e+05   5.222151417428e+06 
  4.104701072101e+01   8.581749604179e+04   4.776517246799e+05   5.236580779278e+06 
  4.125759522536e+01   8.484459388830e+04   4.644543646365e+05   5.250751041475e+06 
  4.147027964330e+01   8.390001608494e+04   4.514848927770e+05   5.264665091138e+06 
  4.168512210599e+01   8.298287235782e+04   4.387413898109e+05   5.278325737831e+06 
  4.190218229227e+01   8.209231009830e+04   4.262219725331e+05   5.291735717369e+06 
  4.212152150951e+01   8.122751244246e+04   4.139247919312e+05   5.304897695626e+06 
  4.234320277971e+01   8.038769645807e+04   4.018480312502e+05   5.317814272292e+06 
  4.256729093144e+01   7.957211143218e+04   3.899899040180e+05   5.330487984550e+06 
  4.279385269830e+01   7.878003725242e+04   3.783486520284e+05   5.342921310719e+06 
  4.302295682305e+01   7.801078288067e+04   3.669225433565e+05   5.355116673763e+06 
  4.325467416813e+01   7.726368491250e+04   3.557098703983e+05   5.367076444689e+06 
  4.348907783331e+01   7.653810621585e+04   3.447089479210e+05   5.378802945863e+06 
  4.372624328065e+01   7.583343464559e+04   3.339181111528e+05   5.390298454202e+06 
  4.396624846677e+01   7.514908183044e+04   3.233357139320e+05   5.401565204238e+06 
  4.420917398362e+01   7.448448202586e+04   3.129601268910e+05   5.412605391083e+06 
  4.445510320767e+01   7.383909103114e+04   3.027897357118e+05   5.423421173257e+06 
  4.470412245900e+01   7.321238516396e+04   2.928229394103e+05   5.434014675426e+06 
  4.495632117003e+01   7.260386029182e+04   2.830581486988e+05   5.444387991009e+06 
  4.521179206519e+01   7.201303091535e+04   2.734937844028e+05   5.454543184682e+06 
  4.547063135283e+01   7.143942929920e+04   2.641282759138e+05   5.464482294787e+06 
  4.573293892940e+01   7.088260464987e+04   2.549600597153e+05   5.474207335635e+06 
  4.599881859745e+01   7.034212233627e+04   2.459875779605e+05   5.483720299703e+06 
  4.626837829856e+01   6.981756315065e+04   2.372092771028e+05   5.493023159747e+06 
  4.654173036319e+01   6.930852260574e+04   2.286236065523e+05   5.502117870842e+06 
  4.681899177683e+01   6.881461027002e+04   2.202290174254e+05   5.511006372305e+06 
  4.710028446658e+01   6.833544913384e+04   2.120239613017e+05   5.519690589564e+06 
  4.738573560778e+01   6.787067500811e+04   2.040068890486e+05   5.528172435943e+06 
  4.767547795407e+01   6.741993595140e+04   1.961762496741e+05   5.536453814375e+06 
  4.796965019264e+01   6.698289172391e+04   1.885304892094e+05   5.544536619067e+06 
  4.826839732553e+01   6.655921326919e+04   1.810680496641e+05   5.552422737067e+06 
  4.857187108247e+01   6.614858221755e+04   1.737873679723e+05   5.560114049810e+06 
  4.888023036541e+01   6.575069041367e+04   1.666868749995e+05   5.567612434587e+06 
  4.919364172946e+01   6.536523946493e+04   1.597649945694e+05   5.574919765966e+06 
  4.951227990367e+01   6.499194030953e+04   1.530201425151e+05   5.582037917175e+06 
  4.983632835528e+01   6.463051280344e+04   1.464507257575e+05   5.588968761439e+06 
  5.016597990264e+01   6.428068532448e+04   1.400551413999e+05   5.595714173276e+06 
  5.050143738094e+01   6.394219439339e+04   1.338317758499e+05   5.602276029757e+06 
  5.084291436687e+01   6.361478431023e+04   1.277790039597e+05   5.608656211730e+06 
  5.119063596965e+01   6.329820680439e+04   1.218951881643e+05   5.614856605031e+06 
  5.154483969401e+01   6.299222069873e+04   1.161786776455e+05   5.620879101656e+06 
  5.190577638441e+01   6.269659158622e+04   1.106278074999e+05   5.626725600914e+06 
  5.227371125935e+01   6.241109151834e+04   1.052408979156e+05   5.632398010566e+06 
  5.264892504700e+01   6.213549870411e+04   1.000162533454e+05   5.637898247951e+06 
  5.303171523325e+01   6.186959721985e+04   9.495216168847e+04   5.643228241092e+06 
  5.342239743670e+01   6.161317672814e+04   9.004689346688e+04   5.648389929805e+06 
  5.382130692619e+01   6.136603220555e+04   8.529870099408e+04   5.653385266800e+06 
  5.422880029876e+01   6.112796367874e+04   8.070581753940e+04   5.658216218782e+06 
  5.464525733930e+01   6.089877596773e+04   7.626645647605e+04   5.662884767556e+06 
  5.507108308509e+01   6.067827843656e+04   7.197881042109e+04   5.667392911142e+06 
  5.550671012445e+01   6.046628474964e+04   6.784105034802e+04   5.671742664902e+06 
  5.595260116070e+01   6.026261263415e+04   6.385132468136e+04   5.675936062684e+06 
  5.640925187851e+01   6.006708364790e+04   6.000775837248e+04   5.679975157980e+06 
  5.687719415956e+01   5.987952295084e+04   5.630845192722e+04   5.683862025122e+06 
  5.735699969557e+01   5.969975908145e+04   5.275148041339e+04   5.687598760505e+06 
  5.784928406193e+01   5.952762373613e+04   4.933489242148e+04   5.691187483842e+06 
  5.835471132315e+01   5.936295155150e+04   4.605670897942e+04   5.694630339469e+06 
  5.887399925558e+01   5.920557988906e+04   4.291492241586e+04   5.697929497695e+06 
  5.940792528912e+01   5.905534862151e+04   3.990749516505e+04   5.701087156213e+06 
  5.995733329039e+01   5.891209992006e+04   3.703235850306e+04   5.704105541577e+06 
  6.000000000000e+01   5.890143256951e+04   3.681795846608e+04   5.704330608964e+06 
