  0.000000000000e+00   5.800000000000e+06   5.000000000000e+01   0.000000000000e+00 
  1.000000000000e-01   5.799997974037e+06   5.130240439738e+01   7.235581957415e-01 
  9.960458144871e-01   5.799977280270e+06   6.460552457981e+01   8.114205547960e+00 
  2.932050570952e+00   5.799912343616e+06   1.063502898015e+02   3.130609379724e+01 
  5.092619360881e+00   5.799789257903e+06   1.854756676271e+02   7.526642956001e+01 
  6.923840015316e+00   5.799615480511e+06   2.971864814049e+02   1.373330077113e+02 
  8.465043126751e+00   5.799390359088e+06   4.419004466479e+02   2.177404653249e+02 
  9.791293621062e+00   5.799110696523e+06   6.216705356235e+02   3.176329416657e+02 
  1.095562493515e+01   5.798772869544e+06   8.388228983842e+02   4.383075581007e+02 
  1.199386066662e+01   5.798373335285e+06   1.095631101015e+03   5.810336139194e+02 
  1.293104248598e+01   5.797908708503e+06   1.394266374595e+03   7.470251223364e+02 
  1.378535973349e+01   5.797375753680e+06   1.736802575829e+03   9.374437445932e+02 
  1.457045839232e+01   5.796771365870e+06   2.125228383838e+03   1.153405746451e+03 
  1.529684995726e+01   5.796092553055e+06   2.561458526928e+03   1.395988417942e+03 
  1.597281017220e+01   5.795336421305e+06   3.047343202812e+03   1.666235491767e+03 
  1.663683071649e+01   5.794454294162e+06   3.614146963119e+03   1.981558875025e+03 
  1.723277911528e+01   5.793523967915e+06   4.211868679197e+03   2.314163406206e+03 
  1.781685449538e+01   5.792463257575e+06   4.893295135695e+03   2.693447289263e+03 
  1.834680093873e+01   5.791353360035e+06   5.606246320150e+03   3.090393644953e+03 
  1.886725496755e+01   5.790106374718e+06   6.407166059749e+03   3.536459222129e+03 
  1.936738795762e+01   5.788740896050e+06   7.284082028695e+03   4.025021921698e+03 
  1.984470052028e+01   5.787264212902e+06   8.232284212107e+03   4.553502885553e+03 
  2.029974519464e+01   5.785678278434e+06   9.250488208769e+03   5.121233357476e+03 
  2.073403286777e+01   5.783982637286e+06   1.033895405463e+04   5.728408659431e+03 
  2.114925966606e+01   5.782175776801e+06   1.149861785523e+04   6.375605344017e+03 
  2.154704384203e+01   5.780255730781e+06   1.273070372470e+04   7.063565494362e+03 
  2.192885137339e+01   5.778220343141e+06   1.403655425166e+04   7.793102607064e+03 
  2.229598797893e+01   5.776067380410e+06   1.541755806759e+04   8.565061521945e+03 
  2.264961224710e+01   5.773794578124e+06   1.687511987705e+04   9.380301999183e+03 
  2.299075365048e+01   5.771399658678e+06   1.841064881160e+04   1.023969251075e+04 
  2.332033000676e+01   5.768880337003e+06   2.002555459967e+04   1.114410839717e+04 
  2.363916284775e+01   5.766234321105e+06   2.172124702550e+04   1.209443186913e+04 
  2.394799050545e+01   5.763459310472e+06   2.349913674798e+04   1.309155278024e+04 
  2.424747914185e+01   5.760552993603e+06   2.536063667404e+04   1.413636972288e+04 
  2.453823203727e+01   5.757513045189e+06   2.730716355001e+04   1.522979126059e+04 
  2.482079743551e+01   5.754337123145e+06   2.934013963381e+04   1.637273722164e+04 
  2.509567520106e+01   5.751022865563e+06   3.146099440575e+04   1.756614003133e+04 
  2.536332249568e+01   5.747567887631e+06   3.367116629636e+04   1.881094607247e+04 
  2.562415864367e+01   5.743969778490e+06   3.597210443320e+04   2.010811707639e+04 
  2.587856932207e+01   5.740226098036e+06   3.836527041362e+04   2.145863155005e+04 
  2.612691018572e+01   5.736334373654e+06   4.085214010425e+04   2.286348624127e+04 
  2.636951001813e+01   5.732292096861e+06   4.343420548518e+04   2.432369765406e+04 
  2.660667348036e+01   5.728096719852e+06   4.611297653457e+04   2.584030361350e+04 
  2.683868351982e+01   5.723745651932e+06   4.888998317392e+04   2.741436489379e+04 
  2.706580348843e+01   5.719236255807e+06   5.176677727833e+04   2.904696691421e+04 
  2.728827901226e+01   5.714565843724e+06   5.474493476367e+04   3.073922151216e+04 
  2.750633964705e+01   5.709731673443e+06   5.782605775707e+04   3.249226879982e+04 
  2.772020034888e+01   5.704730944030e+06   6.101177685819e+04   3.430727911151e+04 
  2.793006278568e+01   5.699560791425e+06   6.430375351622e+04   3.618545505924e+04 
  2.813611650980e+01   5.694218283772e+06   6.770368252589e+04   3.812803370197e+04 
  2.833854000918e+01   5.688700416516e+06   7.121329464826e+04   4.013628883583e+04 
  2.853750165312e+01   5.683004107191e+06   7.483435938406e+04   4.221153342533e+04 
  2.873316054562e+01   5.677126189906e+06   7.856868790863e+04   4.435512218571e+04 
  2.892566729747e+01   5.671063409475e+06   8.241813619083e+04   4.656845433437e+04 
  2.911516472641e+01   5.664812415183e+06   8.638460829844e+04   4.885297651873e+04 
  2.930178849493e+01   5.658369754112e+06   9.047005993541e+04   5.121018595298e+04 
  2.948566769177e+01   5.651731864027e+06   9.467650220554e+04   5.364163376761e+04 
  2.966692536513e+01   5.644895065730e+06   9.900600565832e+04   5.614892861197e+04 
  2.984567901195e+01   5.637855554861e+06   1.034607046190e+05   5.873374051973e+04 
  3.002204102903e+01   5.630609393081e+06   1.080428018465e+05   6.139780507234e+04 
  3.019611912997e+01   5.623152498572e+06   1.127545735431e+05   6.414292788497e+04 
  3.036801673273e+01   5.615480635764e+06   1.175983747742e+05   6.697098946166e+04 
  3.053783332035e+01   5.607589404240e+06   1.225766453166e+05   6.988395044340e+04 
  3.070566477912e+01   5.599474226687e+06   1.276919160068e+05   7.288385730671e+04 
  3.087160371601e+01   5.591130335835e+06   1.329468156184e+05   7.597284854666e+04 
  3.103573975938e+01   5.582552760218e+06   1.383440783630e+05   7.915316141926e+04 
  3.119815984408e+01   5.573736308674e+06   1.438865520439e+05   8.242713928233e+04 
  3.135894848451e+01   5.564675553393e+06   1.495772069784e+05   8.579723962826e+04 
  3.151818803712e+01   5.555364811367e+06   1.554191457569e+05   8.926604287626e+04 
  3.167595895482e+01   5.545798124034e+06   1.614156139456e+05   9.283626202069e+04 
  3.183234003488e+01   5.535969234930e+06   1.675700118375e+05   9.651075323292e+04 
  3.198740866349e+01   5.525871565027e+06   1.738859074160e+05   1.002925275573e+05 
  3.214124105768e+01   5.515498185543e+06   1.803670506422e+05   1.041847638151e+05 
  3.229391250751e+01   5.504841787857e+06   1.870173892573e+05   1.081908228859e+05 
  3.244549762109e+01   5.493894650105e+06   1.938410863277e+05   1.123142635671e+05 
  3.259607057371e+01   5.482648600096e+06   2.008425397112e+05   1.165588601930e+05 
  3.274570536431e+01   5.471094973968e+06   2.080264037507e+05   1.209286222815e+05 
  3.289447608177e+01   5.459224570020e+06   2.153976134902e+05   1.254278164896e+05 
  3.304245718364e+01   5.447027597040e+06   2.229614117586e+05   1.300609912009e+05 
  3.318972379129e+01   5.434493616275e+06   2.307233795700e+05   1.348330041554e+05 
  3.333635200449e+01   5.421611476133e+06   2.386894703029e+05   1.397490535641e+05 
  3.348241923988e+01   5.408369238518e+06   2.468660482326e+05   1.448147132495e+05 
  3.362800459688e+01   5.394754095562e+06   2.552599320280e+05   1.500359724101e+05 
  3.377318925769e+01   5.380752275164e+06   2.638784440462e+05   1.554192807896e+05 
  3.391805692584e+01   5.366348933677e+06   2.727294662477e+05   1.609716000757e+05 
  3.406269431047e+01   5.351528033645e+06   2.818215037904e+05   1.667004625645e+05 
  3.420719166269e+01   5.336272204324e+06   2.911637574296e+05   1.726140382462e+05 
  3.435164337222e+01   5.320562582196e+06   3.007662060905e+05   1.787212117137e+05 
  3.449614863162e+01   5.304378628504e+06   3.106397010476e+05   1.850316704485e+05 
  3.464081217616e+01   5.287697920350e+06   3.207960733424e+05   1.915560063075e+05 
  3.478574510476e+01   5.270495911850e+06   3.312482560010e+05   1.983058321486e+05 
  3.493106578630e+01   5.252745661596e+06   3.420104226482e+05   2.052939157561e+05 
  3.507690084729e+01   5.234417523389e+06   3.530981435313e+05   2.125343330797e+05 
  3.522338622655e+01   5.215478798415e+06   3.645285590957e+05   2.200426424896e+05 
  3.537066826025e+01   5.195893350199e+06   3.763205691517e+05   2.278360806489e+05 
  3.551890472521e+01   5.175621189459e+06   3.884950320623e+05   2.359337784786e+05 
  3.566826570231e+01   5.154618047473e+06   4.010749613521e+05   2.443569911744e+05 
  3.581893401551e+01   5.132834976650e+06   4.140856951979e+05   2.531293281525e+05 
  3.597110481538e+01   5.110218053561e+06   4.275549927834e+05   2.622769536555e+05 
  3.612498357029e+01   5.086708322884e+06   4.415129749895e+05   2.718287021267e+05 
  3.628078122945e+01   5.062242228365e+06   4.559917653862e+05   2.818160062485e+05 
  3.643870453737e+01   5.036752954656e+06   4.710245873207e+05   2.922724580231e+05 
  3.659893834648e+01   5.010173377906e+06   4.866439207865e+05   3.032327013079e+05 
  3.676161539392e+01   4.982441696531e+06   5.028781204171e+05   3.147301830519e+05 
  3.692676805854e+01   4.953511182458e+06   5.197457083831e+05   3.267931091591e+05 
  3.709425816931e+01   4.923365459435e+06   5.372466164575e+05   3.394379241070e+05 
  3.726368928538e+01   4.892039338760e+06   5.553504935203e+05   3.526601677196e+05 
  3.743432578148e+01   4.859641223095e+06   5.739845242956e+05   3.664242526095e+05 
  3.760507020332e+01   4.826366631993e+06   5.930268121689e+05   3.806565558383e+05 
  3.777455674635e+01   4.792488797828e+06   6.123131570466e+05   3.952480451252e+05 
  3.794136715435e+01   4.758320503036e+06   6.316600090317e+05   4.100694879318e+05 
  3.810428559801e+01   4.724160403962e+06   6.508954515509e+05   4.249941444873e+05 
  3.826247364582e+01   4.690248700520e+06   6.698839019697e+05   4.399173975100e+05 
  3.841550856448e+01   4.656748220193e+06   6.885357788237e+05   4.547660009835e+05 
  3.856331511411e+01   4.623749207452e+06   7.068036615803e+05   4.694971309681e+05 
  3.870605569830e+01   4.591286399963e+06   7.246717705990e+05   4.840918294383e+05 
  3.884402774568e+01   4.559357964276e+06   7.421447518690e+05   4.985472838554e+05 
  3.897758834209e+01   4.527940939090e+06   7.592387183770e+05   5.128703425334e+05 
  3.910710684966e+01   4.497001922870e+06   7.759751518576e+05   5.270729252723e+05 
  3.923293876020e+01   4.466503697581e+06   7.923771869598e+05   5.411691154594e+05 
  3.935541332559e+01   4.436408978586e+06   8.084675523728e+05   5.551734690414e+05 
  3.947482923225e+01   4.406682340558e+06   8.242675486420e+05   5.691001107997e+05 
  3.959145456382e+01   4.377291068297e+06   8.397966279150e+05   5.829623037880e+05 
  3.970552881588e+01   4.348205411688e+06   8.550723011469e+05   5.967722871655e+05 
  3.981726572278e+01   4.319398530973e+06   8.701102108981e+05   6.105412581292e+05 
  3.992685624961e+01   4.290846295904e+06   8.849242784592e+05   6.242794256368e+05 
  4.003447144053e+01   4.262527027806e+06   8.995268764368e+05   6.379960957576e+05 
  4.014026499467e+01   4.234421231077e+06   9.139290018574e+05   6.516997670660e+05 
  4.024437553207e+01   4.206511337286e+06   9.281404378510e+05   6.653982248632e+05 
  4.034692855863e+01   4.178781471497e+06   9.421698993599e+05   6.790986291431e+05 
  4.044803815692e+01   4.151217244119e+06   9.560251617252e+05   6.928075941561e+05 
  4.054780843682e+01   4.123805567794e+06   9.697131729575e+05   7.065312592487e+05 
  4.064633477897e+01   4.096534497679e+06   9.832401510593e+05   7.202753512613e+05 
  4.074370490201e+01   4.069393092498e+06   9.966116681943e+05   7.340452393074e+05 
  4.083999978063e+01   4.042371293871e+06   1.009832723370e+06   7.478459827588e+05 
  4.093529443732e+01   4.015459821494e+06   1.022907805209e+06   7.616823732963e+05 
  4.102965862803e+01   3.988650081846e+06   1.035840946263e+06   7.755589718907e+05 
  4.112315743743e+01   3.961934088667e+06   1.048635769996e+06   7.894801413363e+05 
  4.121585179838e+01   3.935304393332e+06   1.061295531590e+06   8.034500750785e+05 
  4.130779894638e+01   3.908754023900e+06   1.073823153333e+06   8.174728227669e+05 
  4.139905281940e+01   3.882276431391e+06   1.086221255481e+06   8.315523131278e+05 
  4.148966441055e+01   3.855865442402e+06   1.098492183127e+06   8.456923744704e+05 
  4.157968208082e+01   3.829515217137e+06   1.110638029655e+06   8.598967532085e+05 
  4.166915183730e+01   3.803220212072e+06   1.122660657232e+06   8.741691306955e+05 
  4.175811758214e+01   3.776975146597e+06   1.134561714751e+06   8.885131386520e+05 
  4.184662133589e+01   3.750774973151e+06   1.146342653490e+06   9.029323733587e+05 
  4.193470343871e+01   3.724614850417e+06   1.158004740783e+06   9.174304088002e+05 
  4.202240273313e+01   3.698490118979e+06   1.169549071999e+06   9.320108090223e+05 
  4.210975673004e+01   3.672396279319e+06   1.180976580946e+06   9.466771397348e+05 
  4.219680176045e+01   3.646328971798e+06   1.192288048888e+06   9.614329793140e+05 
  4.228357311499e+01   3.620283958321e+06   1.203484112335e+06   9.762819293444e+05 
  4.237010517292e+01   3.594257105462e+06   1.214565269737e+06   9.912276248004e+05 
  4.245643152172e+01   3.568244368918e+06   1.225531887156e+06   1.006273743925e+06 
  4.254258506873e+01   3.542241779123e+06   1.236384202995e+06   1.021424017882e+06 
  4.262859814599e+01   3.516245427818e+06   1.247122331891e+06   1.036682240291e+06 
  4.271450260897e+01   3.490251455590e+06   1.257746267773e+06   1.052052276637e+06 
  4.280032993045e+01   3.464256040086e+06   1.268255886205e+06   1.067538073709e+06 
  4.288611128989e+01   3.438255385037e+06   1.278650945967e+06   1.083143668996e+06 
  4.297187765939e+01   3.412245709779e+06   1.288931089985e+06   1.098873200236e+06 
  4.305765988640e+01   3.386223239455e+06   1.299095845550e+06   1.114730914996e+06 
  4.314348877392e+01   3.360184195688e+06   1.309144623885e+06   1.130721180427e+06 
  4.322939515874e+01   3.334124787753e+06   1.319076719052e+06   1.146848493194e+06 
  4.331540998767e+01   3.308041204298e+06   1.328891306155e+06   1.163117489547e+06 
  4.340156439286e+01   3.281929605430e+06   1.338587438911e+06   1.179532955658e+06 
  4.348788976567e+01   3.255786115402e+06   1.348164046477e+06   1.196099838121e+06 
  4.357441782952e+01   3.229606815854e+06   1.357619929535e+06   1.212823254611e+06 
  4.366118071206e+01   3.203387739649e+06   1.366953755618e+06   1.229708504733e+06 
  4.374821101654e+01   3.177124865373e+06   1.376164053623e+06   1.246761081004e+06 
  4.383554189206e+01   3.150814112714e+06   1.385249207442e+06   1.263986679845e+06 
  4.392320710254e+01   3.124451338876e+06   1.394207448631e+06   1.281391212494e+06 
  4.401124109439e+01   3.098032336062e+06   1.403036848130e+06   1.298980815809e+06 
  4.409967906175e+01   3.071552830521e+06   1.411735306850e+06   1.316761862629e+06 
  4.418855700817e+01   3.045008483499e+06   1.420300545053e+06   1.334740971448e+06 
  4.427791180470e+01   3.018394894221e+06   1.428730090515e+06   1.352925015264e+06 
  4.436778124155e+01   2.991707605779e+06   1.437021265249e+06   1.371321128972e+06 
  4.445820407172e+01   2.964942114416e+06   1.445171170726e+06   1.389936714858e+06 
  4.454922004415e+01   2.938093882959e+06   1.453176671492e+06   1.408779445549e+06 
  4.464086992258e+01   2.911158359486e+06   1.461034377014e+06   1.427857263500e+06 
  4.473319548566e+01   2.884131002416e+06   1.468740621666e+06   1.447178375917e+06 
  4.482623950316e+01   2.857007313416e+06   1.476291442762e+06   1.466751243822e+06 
  4.492004568105e+01   2.829782879929e+06   1.483682556549e+06   1.486584563522e+06 
  4.501465856707e+01   2.802453429408e+06   1.490909332168e+06   1.506687238424e+06 
  4.511012340658e+01   2.775014897679e+06   1.497966763628e+06   1.527068338693e+06 
  4.520648593499e+01   2.747463514564e+06   1.504849439936e+06   1.547737045499e+06 
  4.530379209309e+01   2.719795909759e+06   1.511551513796e+06   1.568702576445e+06 
  4.540208764585e+01   2.692009243057e+06   1.518066669362e+06   1.589974087581e+06 
  4.550141768557e+01   2.664101362670e+06   1.524388090026e+06   1.611560547304e+06 
  4.560182599548e+01   2.636070996092e+06   1.530508427491e+06   1.633470576417e+06 
  4.570335425047e+01   2.607917977211e+06   1.536419774069e+06   1.655712248720e+06 
  4.580604103040e+01   2.579643513074e+06   1.542113640754e+06   1.678292846172e+06 
  4.590992062639e+01   2.551250491532e+06   1.547580944587e+06   1.701218563881e+06 
  4.601502162557e+01   2.522743828915e+06   1.552812009673e+06   1.724494161412e+06 
  4.612136527683e+01   2.494130851727e+06   1.557796587435e+06   1.748122560838e+06 
  4.622896365918e+01   2.465421700733e+06   1.562523902518e+06   1.772104396750e+06 
  4.633781770830e+01   2.436629737188e+06   1.566982731512e+06   1.796437531300e+06 
  4.644791519755e+01   2.407771920971e+06   1.571161521659e+06   1.821116557369e+06 
  4.655922881908e+01   2.378869119751e+06   1.575048555615e+06   1.846132324634e+06 
  4.667171456158e+01   2.349946298494e+06   1.578632165725e+06   1.871471535781e+06 
  4.678531062214e+01   2.321032533239e+06   1.581900996767e+06   1.897116469994e+06 
  4.689993710560e+01   2.292160795276e+06   1.584844309649e+06   1.923044895075e+06 
  4.701549673919e+01   2.263367465466e+06   1.587452310813e+06   1.949230223721e+06 
  4.713187675078e+01   2.234691564771e+06   1.589716484308e+06   1.975641950921e+06 
  4.724895192867e+01   2.206173723869e+06   1.591629897711e+06   2.002246378421e+06 
  4.736658871089e+01   2.177854957268e+06   1.593187451115e+06   2.029007591616e+06 
  4.748464998759e+01   2.149775343339e+06   1.594386042133e+06   2.055888614527e+06 
  4.760300017473e+01   2.121972733424e+06   1.595224628793e+06   2.082852637783e+06 
  4.772151007101e+01   2.094481612232e+06   1.595704185149e+06   2.109864202619e+06 
  4.784006105688e+01   2.067332207911e+06   1.595827558138e+06   2.136890233952e+06 
  4.795854831440e+01   2.040549910675e+06   1.595599245710e+06   2.163900843615e+06 
  4.807688291283e+01   2.014155012803e+06   1.595025123124e+06   2.190869864072e+06 
  4.819499276578e+01   1.988162742715e+06   1.594112145887e+06   2.217775111398e+06 
  4.831282259533e+01   1.962583537418e+06   1.592868054783e+06   2.244598407799e+06 
  4.843033311647e+01   1.937423484390e+06   1.591301102527e+06   2.271325413083e+06 
  4.854749968124e+01   1.912684863931e+06   1.589419814574e+06   2.297945321495e+06 
  4.866431060958e+01   1.888366731929e+06   1.587232790148e+06   2.324450477923e+06 
  4.878076539518e+01   1.864465496868e+06   1.584748544341e+06   2.350835958791e+06 
  4.889687292860e+01   1.840975459231e+06   1.581975388574e+06   2.377099152195e+06 
  4.901264983223e+01   1.817889294642e+06   1.578921344720e+06   2.403239360638e+06 
  4.912811896302e+01   1.795198472180e+06   1.575594087292e+06   2.429257440528e+06 
  4.924330810752e+01   1.772893606804e+06   1.572000908153e+06   2.455155485043e+06 
  4.935824887338e+01   1.750964749370e+06   1.568148698606e+06   2.480936552024e+06 
  4.947297576700e+01   1.729401620517e+06   1.564043944503e+06   2.506604434980e+06 
  4.958752544011e+01   1.708193795687e+06   1.559692730740e+06   2.532163473573e+06 
  4.970193608432e+01   1.687330848868e+06   1.555100752274e+06   2.557618398858e+06 
  4.981624695206e+01   1.666802462093e+06   1.550273329453e+06   2.582974208454e+06 
  4.993049798408e+01   1.646598506997e+06   1.545215425960e+06   2.608236067044e+06 
  5.004472952464e+01   1.626709103999e+06   1.539931668173e+06   2.633409227829e+06 
  5.015898210873e+01   1.607124663655e+06   1.534426365033e+06   2.658498971311e+06 
  5.027329630734e+01   1.587835914115e+06   1.528703527829e+06   2.683510558055e+06 
  5.038771261963e+01   1.568833917714e+06   1.522766889454e+06   2.708449192832e+06 
  5.050227140247e+01   1.550110079270e+06   1.516619922883e+06   2.733319997848e+06 
  5.061701282945e+01   1.531656148122e+06   1.510265858713e+06   2.758127993165e+06 
  5.073197687348e+01   1.513464215454e+06   1.503707701669e+06   2.782878082877e+06 
  5.084720330765e+01   1.495526708198e+06   1.496948246056e+06   2.807575045746e+06 
  5.096273172035e+01   1.477836380511e+06   1.489990090174e+06   2.832223529315e+06 
  5.107860154172e+01   1.460386303532e+06   1.482835649709e+06   2.856828046758e+06 
  5.119485207871e+01   1.443169854063e+06   1.475487170167e+06   2.881392975771e+06 
  5.131152255650e+01   1.426180702636e+06   1.467946738419e+06   2.905922558944e+06 
  5.142865216533e+01   1.409412801241e+06   1.460216293405e+06   2.930420905355e+06 
  5.154628011113e+01   1.392860371020e+06   1.452297636057e+06   2.954891992923e+06 
  5.166444566891e+01   1.376517890137e+06   1.444192438554e+06   2.979339671309e+06 
  5.178318823841e+01   1.360380081940e+06   1.435902252931e+06   3.003767665129e+06 
  5.190254740146e+01   1.344441903491e+06   1.427428519125e+06   3.028179577384e+06 
  5.202256298051e+01   1.328698534595e+06   1.418772572519e+06   3.052578892886e+06 
  5.214327509787e+01   1.313145367341e+06   1.409935651070e+06   3.076968981589e+06 
  5.226472423576e+01   1.297777996187e+06   1.400918902032e+06   3.101353101781e+06 
  5.238695129666e+01   1.282592208610e+06   1.391723388377e+06   3.125734403012e+06 
  5.250999766390e+01   1.267583976353e+06   1.382350094961e+06   3.150115928686e+06 
  5.263390526240e+01   1.252749447225e+06   1.372799934460e+06   3.174500618315e+06 
  5.275871661925e+01   1.238084937510e+06   1.363073753193e+06   3.198891309297e+06 
  5.288447492441e+01   1.223586924910e+06   1.353172336808e+06   3.223290738282e+06 
  5.301122409061e+01   1.209252042113e+06   1.343096415983e+06   3.247701541904e+06 
  5.313900881325e+01   1.195077070864e+06   1.332846672109e+06   3.272126257027e+06 
  5.326787462915e+01   1.181058936650e+06   1.322423743086e+06   3.296567320264e+06 
  5.339786797464e+01   1.167194703893e+06   1.311828229255e+06   3.321027066852e+06 
  5.352903624218e+01   1.153481571721e+06   1.301060699551e+06   3.345507728729e+06 
  5.366142783541e+01   1.139916870275e+06   1.290121697946e+06   3.370011431779e+06 
  5.379509222187e+01   1.126498057586e+06   1.279011750276e+06   3.394540192138e+06 
  5.393007998314e+01   1.113222716999e+06   1.267731371506e+06   3.419095911496e+06 
  5.406644286150e+01   1.100088555159e+06   1.256281073548e+06   3.443680371293e+06 
  5.420423380233e+01   1.087093400583e+06   1.244661373736e+06   3.468295225680e+06 
  5.434350699114e+01   1.074235202822e+06   1.232872804058e+06   3.492941993120e+06 
  5.448431788415e+01   1.061512032244e+06   1.220915921281e+06   3.517622046475e+06 
  5.462672323136e+01   1.048922080405e+06   1.208791318059e+06   3.542336601536e+06 
  5.477078108964e+01   1.036463661129e+06   1.196499635244e+06   3.567086703627e+06 
  5.491655082490e+01   1.024135212206e+06   1.184041575476e+06   3.591873212318e+06 
  5.506409310061e+01   1.011935297823e+06   1.171417918263e+06   3.616696783914e+06 
  5.521346985039e+01   9.998626116964e+05   1.158629536727e+06   3.641557851577e+06 
  5.536474423146e+01   9.879159809742e+05   1.145677416205e+06   3.666456602821e+06 
  5.551798055653e+01   9.760943708669e+05   1.132562674873e+06   3.691392954260e+06 
  5.567324419958e+01   9.643968900845e+05   1.119286586648e+06   3.716366523267e+06 
  5.583060147246e+01   9.528227970194e+05   1.105850606501e+06   3.741376596479e+06 
  5.599011946752e+01   9.413715066922e+05   1.092256398406e+06   3.766422094902e+06 
  5.615186586174e+01   9.300425984304e+05   1.078505866098e+06   3.791501535472e+06 
  5.631590867776e+01   9.188358241929e+05   1.064601186743e+06   3.816612989064e+06 
  5.648231599680e+01   9.077511174555e+05   1.050544847615e+06   3.841754034929e+06 
  5.665115561894e+01   8.967886025042e+05   1.036339685767e+06   3.866921711729e+06 
  5.682249466610e+01   8.859486039558e+05   1.021988930620e+06   3.892112465424e+06 
  5.699639912456e+01   8.752316562190e+05   1.007496249201e+06   3.917322094580e+06 
  5.717293332430e+01   8.646385125736e+05   9.928657936498e+05   3.942545693777e+06 
  5.735215935475e+01   8.541701534324e+05   9.781022503443e+05   3.967777596223e+06 
  5.753413641865e+01   8.438277932694e+05   9.632108897972e+05   3.993011316933e+06 
  5.771892012881e+01   8.336128855965e+05   9.481976161350e+05   4.018239498269e+06 
  5.790656175663e+01   8.235271252784e+05   9.330690146793e+05   4.043453860042e+06 
  5.809710744539e+01   8.135724474023e+05   9.178323958071e+05   4.068645156791e+06 
  5.829059740704e+01   8.037510218428e+05   9.024958329082e+05   4.093803145249e+06 
  5.848706512613e+01   7.940652426756e+05   8.870681919996e+05   4.118916565325e+06 
  5.868653660053e+01   7.845177115986e+05   8.715591502890e+05   4.143973138112e+06 
  5.888902965298e+01   7.751112146731e+05   8.559792009470e+05   4.168959584380e+06 
  5.909455335199e+01   7.658486918415e+05   8.403396413464e+05   4.193861666812e+06 
  5.930310758147e+01   7.567331990177e+05   8.246525424039e+05   4.218664258578e+06 
  5.951468279840e+01   7.477678628909e+05   8.089306971665e+05   4.243351439943e+06 
  5.972926001327e+01   7.389558290500e+05   7.931875476143e+05   4.267906623336e+06 
  5.994681102035e+01   7.303002045372e+05   7.774370897248e+05   4.292312705738e+06 
  6.000000000000e+01   7.282256016793e+05   7.736189068611e+05   4.298205491460e+06 
