  0.000000000000e+00   5.800000000000e+06   5.000000000000e+01   0.000000000000e+00 
  1.000000000000e-01   5.799998743277e+06   5.053859559136e+01   7.181276369266e-01 
  1.469358221964e+00   5.799980101786e+06   5.852778641175e+01   1.137042805566e+01 
  4.999915002110e+00   5.799917228786e+06   8.547303255332e+01   4.729818130130e+01 
  9.636445111370e+00   5.799788713151e+06   1.405492648944e+02   1.207375837523e+02 
  1.366262785215e+01   5.799611571675e+06   2.164617456965e+02   2.219665789398e+02 
  1.710304863962e+01   5.799386167547e+06   3.130522964246e+02   3.507801563898e+02 
  2.009495275921e+01   5.799109858417e+06   4.314499011979e+02   5.086916820302e+02 
  2.274204722385e+01   5.798779485009e+06   5.730039919098e+02   6.975109991375e+02 
  2.511665276343e+01   5.798391925466e+06   7.390467260136e+02   9.190278076659e+02 
  2.727041915475e+01   5.797944183450e+06   9.308550812821e+02   1.174961468493e+03 
  2.924147527234e+01   5.797433386194e+06   1.149651539546e+03   1.466962266179e+03 
  3.105879638932e+01   5.796856769579e+06   1.396610330632e+03   1.796620090648e+03 
  3.274493838682e+01   5.796211663638e+06   1.672863488558e+03   2.165472873468e+03 
  3.440019007718e+01   5.795454522286e+06   1.997041029479e+03   2.598436684061e+03 
  3.587970965295e+01   5.794654579882e+06   2.339482833718e+03   3.055937284268e+03 
  3.732875751438e+01   5.793738474691e+06   2.731574294970e+03   3.579951014505e+03 
  3.863934158672e+01   5.792778590726e+06   3.142314130503e+03   4.129095143846e+03 
  3.992575756239e+01   5.791696398216e+06   3.605281266850e+03   4.748320517510e+03 
  4.116051780048e+01   5.790508272711e+06   4.113433726901e+03   5.428293561620e+03 
  4.233739558341e+01   5.789220650072e+06   4.663982777596e+03   6.165367149938e+03 
  4.345793677996e+01   5.787835231223e+06   5.256163426166e+03   6.958605351244e+03 
  4.452610337193e+01   5.786351563764e+06   5.890128650081e+03   7.808307585947e+03 
  4.554630003586e+01   5.784768243807e+06   6.566434611266e+03   8.715321581910e+03 
  4.652270751159e+01   5.783083456499e+06   7.285809060063e+03   9.680734440637e+03 
  4.745909841652e+01   5.781295213236e+06   8.049049600510e+03   1.070573716345e+04 
  4.835882183308e+01   5.779401453200e+06   8.856980021191e+03   1.179156677855e+04 
  4.922484072234e+01   5.777400085261e+06   9.710432143186e+03   1.293948259601e+04 
  5.005978085415e+01   5.775289004003e+06   1.061023872576e+04   1.415075727167e+04 
  5.086597756500e+01   5.773066094679e+06   1.155723110046e+04   1.542667422032e+04 
  5.164551660636e+01   5.770729233475e+06   1.255223880058e+04   1.676852772490e+04 
  5.240026874097e+01   5.768276285815e+06   1.359609001205e+04   1.817762417277e+04 
  5.313191878139e+01   5.765705103868e+06   1.468961236043e+04   1.965528377138e+04 
  5.384198995177e+01   5.763013523714e+06   1.583363382291e+04   2.120284246276e+04 
  5.453186439854e+01   5.760199362376e+06   1.702898368809e+04   2.282165393592e+04 
  5.520280054326e+01   5.757260414763e+06   1.827649353543e+04   2.451309170198e+04 
  5.585594783722e+01   5.754194450569e+06   1.957699821819e+04   2.627855121322e+04 
  5.649235937654e+01   5.750999211103e+06   2.093133685751e+04   2.811945203951e+04 
  5.711300273998e+01   5.747672406054e+06   2.234035384470e+04   3.003724010142e+04 
  5.771876934494e+01   5.744211710172e+06   2.380489985695e+04   3.203338997092e+04 
  5.831048256324e+01   5.740614759847e+06   2.532583289638e+04   3.410940725680e+04 
  5.888890478833e+01   5.736879149575e+06   2.690401934954e+04   3.626683107536e+04 
  5.945474361769e+01   5.733002428290e+06   2.854033508047e+04   3.850723662905e+04 
  6.000865727989e+01   5.728982095547e+06   3.023566655665e+04   4.083223789681e+04 
  6.055125941771e+01   5.724815597529e+06   3.199091201654e+04   4.324349045423e+04 
  6.108312331803e+01   5.720500322883e+06   3.380698268275e+04   4.574269443461e+04 
  6.160478566683e+01   5.716033598314e+06   3.568480403215e+04   4.833159765360e+04 
  6.211674989226e+01   5.711412683970e+06   3.762531712410e+04   5.101199890615e+04 
  6.261948915053e+01   5.706634768553e+06   3.962947999365e+04   5.378575145366e+04 
  6.311344900232e+01   5.701696964153e+06   4.169826912136e+04   5.665476672602e+04 
  6.359904981904e+01   5.696596300754e+06   4.383268098722e+04   5.962101825896e+04 
  6.407668895282e+01   5.691329720394e+06   4.603373371702e+04   6.268654588925e+04 
  6.454674269934e+01   5.685894070936e+06   4.830246883081e+04   6.585346023331e+04 
  6.500956807840e+01   5.680286099426e+06   5.063995310089e+04   6.912394747263e+04 
  6.546550445599e+01   5.674502444968e+06   5.304728054075e+04   7.250027449134e+04 
  6.591487502577e+01   5.668539631075e+06   5.552557453258e+04   7.598479439266e+04 
  6.635798816623e+01   5.662394057467e+06   5.807599010424e+04   7.957995242844e+04 
  6.679513868957e+01   5.656061991224e+06   6.069971637989e+04   8.328829239606e+04 
  6.722660899368e+01   5.649539557252e+06   6.339797921173e+04   8.711246353655e+04 
  6.765267013176e+01   5.642822727955e+06   6.617204403106e+04   9.105522801349e+04 
  6.807358280703e+01   5.635907312066e+06   6.902321892390e+04   9.511946900961e+04 
  6.848959830234e+01   5.628788942529e+06   7.195285795857e+04   9.930819951236e+04 
  6.890095935547e+01   5.621463063304e+06   7.496236480881e+04   1.036245718874e+05 
  6.930790098412e+01   5.613924915030e+06   7.805319667881e+04   1.080718882913e+05 
  6.971065127212e+01   5.606169519340e+06   8.122686859624e+04   1.126536120641e+05 
  7.010943211973e+01   5.598191661733e+06   8.448495808809e+04   1.173733801786e+05 
  7.050445996616e+01   5.589985872820e+06   8.782911029466e+04   1.222350168850e+05 
  7.089594649074e+01   5.581546407714e+06   9.126104358011e+04   1.272425487064e+05 
  7.128409929710e+01   5.572867223389e+06   9.478255568337e+04   1.324002209274e+05 
  7.166912258763e+01   5.563941953728e+06   9.839553048872e+04   1.377125157830e+05 
  7.205121783235e+01   5.554763881984e+06   1.021019454767e+05   1.431841725396e+05 
  7.243058444058e+01   5.545325910286e+06   1.059038799640e+05   1.488202097504e+05 
  7.280742043764e+01   5.535620525896e+06   1.098035241930e+05   1.546259499114e+05 
  7.318192315531e+01   5.525639763720e+06   1.138031894038e+05   1.606070468760e+05 
  7.355428994272e+01   5.515375164584e+06   1.179053190144e+05   1.667695164016e+05 
  7.392471890234e+01   5.504817728757e+06   1.221125010245e+05   1.731197702189e+05 
  7.429340965940e+01   5.493957864062e+06   1.264274818117e+05   1.796646541264e+05 
  7.466056417277e+01   5.482785327835e+06   1.308531814936e+05   1.864114906715e+05 
  7.502638759287e+01   5.471289161968e+06   1.353927110205e+05   1.933681270111e+05 
  7.539108917836e+01   5.459457620022e+06   1.400493912454e+05   2.005429887326e+05 
  7.575488327578e+01   5.447278085494e+06   1.448267741364e+05   2.079451403699e+05 
  7.611799037254e+01   5.434736980052e+06   1.497286663864e+05   2.155843535612e+05 
  7.648063823020e+01   5.421819660531e+06   1.547591556292e+05   2.234711838397e+05 
  7.684306310052e+01   5.408510303526e+06   1.599226394116e+05   2.316170570628e+05 
  7.720551102832e+01   5.394791776310e+06   1.652238570675e+05   2.400343666228e+05 
  7.756823923303e+01   5.380645493167e+06   1.706679244302e+05   2.487365824024e+05 
  7.793151755281e+01   5.366051256577e+06   1.762603711228e+05   2.577383723006e+05 
  7.829562991619e+01   5.350987083588e+06   1.820071797491e+05   2.670557366628e+05 
  7.866087577641e+01   5.335429019332e+06   1.879148256347e+05   2.767061550333e+05 
  7.902757139760e+01   5.319350942286e+06   1.939903146896e+05   2.867087430241e+05 
  7.939605080744e+01   5.302724370548e+06   2.002412152104e+05   2.970844142412e+05 
  7.976666611600e+01   5.285518285891e+06   2.066756766750e+05   3.078560374343e+05 
  8.013978672156e+01   5.267699004624e+06   2.133024242272e+05   3.190485711491e+05 
  8.051579664721e+01   5.249230144029e+06   2.201307107157e+05   3.306891452555e+05 
  8.089508883923e+01   5.230072763908e+06   2.271701977773e+05   3.428070383149e+05 
  8.127805464581e+01   5.210185810427e+06   2.344307218156e+05   3.554334677573e+05 
  8.166506585459e+01   5.189527058916e+06   2.419218786446e+05   3.686010624396e+05 
  8.205644560652e+01   5.168054847538e+06   2.496523315623e+05   3.823428209001e+05 
  8.245242345466e+01   5.145731005803e+06   2.576287161478e+05   3.966902780493e+05 
  8.285306951163e+01   5.122525469282e+06   2.658539970402e+05   4.116705336782e+05 
  8.325820464858e+01   5.098423024610e+06   2.743251660086e+05   4.273018093809e+05 
  8.366729093242e+01   5.073432227424e+06   2.830303291546e+05   4.435874434216e+05 
  8.407932193635e+01   5.047595492619e+06   2.919456000588e+05   4.605089073217e+05 
  8.449275501838e+01   5.020997599879e+06   3.010327927040e+05   4.780196074166e+05 
  8.490554388530e+01   4.993768151710e+06   3.102394014475e+05   4.960424468424e+05 
  8.531531387390e+01   4.966073774274e+06   3.195021225130e+05   5.144741032135e+05 
  8.571966020144e+01   4.938099664682e+06   3.287537594039e+05   5.331965759139e+05 
  8.611647443564e+01   4.910025868580e+06   3.379314353850e+05   5.520926960345e+05 
  8.650418240959e+01   4.882006716184e+06   3.469832195905e+05   5.710600642252e+05 
  8.688183023129e+01   4.854159438911e+06   3.558713182737e+05   5.900192428149e+05 
  8.724903384353e+01   4.826562683348e+06   3.645718582166e+05   6.089154584353e+05 
  8.760585253666e+01   4.799261761017e+06   3.730725250908e+05   6.277157138923e+05 
  8.795264592986e+01   4.772276651381e+06   3.813694715514e+05   6.464038770679e+05 
  8.828995034391e+01   4.745609904583e+06   3.894644392376e+05   6.649756561792e+05 
  8.861838722979e+01   4.719253087968e+06   3.973624989182e+05   6.834344131141e+05 
  8.893860237497e+01   4.693191477977e+06   4.050704573559e+05   7.017880646673e+05 
  8.925122913609e+01   4.667407217887e+06   4.125958188674e+05   7.200469632455e+05 
  8.955686835550e+01   4.641881317265e+06   4.199461519039e+05   7.382225308315e+05 
  8.985607897431e+01   4.616594848908e+06   4.271287285151e+05   7.563264225771e+05 
  9.014937507298e+01   4.591529620786e+06   4.341503375641e+05   7.743700416503e+05 
  9.043722653906e+01   4.566668518257e+06   4.410172038395e+05   7.923642779039e+05 
  9.072006161624e+01   4.541995646727e+06   4.477349689434e+05   8.103193843293e+05 
  9.099827029895e+01   4.517496357674e+06   4.543087064792e+05   8.282449358465e+05 
  9.127220797967e+01   4.493157209770e+06   4.607429548292e+05   8.461498354010e+05 
  9.154219902718e+01   4.468965896589e+06   4.670417576534e+05   8.640423457571e+05 
  9.180854013842e+01   4.444911159296e+06   4.732087065423e+05   8.819301341620e+05 
  9.207150338996e+01   4.420982695598e+06   4.792469826007e+05   8.998203218011e+05 
  9.233133897613e+01   4.397171070589e+06   4.851593954914e+05   9.177195339198e+05 
  9.258827763978e+01   4.373467632933e+06   4.909484191497e+05   9.356339479168e+05 
  9.284253282090e+01   4.349864437610e+06   4.966162240353e+05   9.535693383549e+05 
  9.309430254863e+01   4.326354175856e+06   5.021647059416e+05   9.715311182028e+05 
  9.334377110570e+01   4.302930112212e+06   5.075955115862e+05   9.895243762018e+05 
  9.359111049240e+01   4.279586028310e+06   5.129100612518e+05   1.007553910438e+06 
  9.383648171695e+01   4.256316172717e+06   5.181095688119e+05   1.025624258471e+06 
  9.408003593309e+01   4.233115216432e+06   5.231950593907e+05   1.043739724178e+06 
  9.432191544449e+01   4.209978213479e+06   5.281673849296e+05   1.061904401592e+06 
  9.456225459555e+01   4.186900565848e+06   5.330272379525e+05   1.080122196200e+06 
  9.480118055951e+01   4.163877992666e+06   5.377751636691e+05   1.098396843665e+06 
  9.503881404118e+01   4.140906502734e+06   5.424115707077e+05   1.116731926558e+06 
  9.527526990241e+01   4.117982370327e+06   5.469367405830e+05   1.135130889090e+06 
  9.551065772066e+01   4.095102113816e+06   5.513508360760e+05   1.153597050108e+06 
  9.574508228950e+01   4.072262476766e+06   5.556539086666e+05   1.172133614568e+06 
  9.597864406726e+01   4.049460411300e+06   5.598459051239e+05   1.190743683576e+06 
  9.621143958070e+01   4.026693063449e+06   5.639266733685e+05   1.209430263182e+06 
  9.644356178811e+01   4.003957760339e+06   5.678959676863e+05   1.228196271975e+06 
  9.667510040690e+01   3.981251998997e+06   5.717534533840e+05   1.247044547619e+06 
  9.690614220951e+01   3.958573436642e+06   5.754987109550e+05   1.265977852403e+06 
  9.713677129081e+01   3.935919882332e+06   5.791312398185e+05   1.284998877850e+06 
  9.736706930995e+01   3.913289289847e+06   5.826504616914e+05   1.304110248462e+06 
  9.759711570937e+01   3.890679751711e+06   5.860557236463e+05   1.323314524642e+06 
  9.782698791287e+01   3.868089494265e+06   5.893463009033e+05   1.342614204831e+06 
  9.805676150414e+01   3.845516873780e+06   5.925213993912e+05   1.362011726829e+06 
  9.828651038912e+01   3.822960373376e+06   5.955801581456e+05   1.381509468478e+06 
  9.851630694060e+01   3.800418600970e+06   5.985216515430e+05   1.401109747487e+06 
  9.874622212920e+01   3.777890287919e+06   6.013448914488e+05   1.420814820633e+06 
  9.897632563941e+01   3.755374288550e+06   6.040488292847e+05   1.440626882165e+06 
  9.920668597349e+01   3.732869580347e+06   6.066323580764e+05   1.460548061577e+06 
  9.943737054189e+01   3.710375264943e+06   6.090943144909e+05   1.480580420566e+06 
  9.966844574258e+01   3.687890569746e+06   6.114334809207e+05   1.500725949333e+06 
  9.989997702834e+01   3.665414850282e+06   6.136485876325e+05   1.520986562085e+06 
  1.001320289635e+02   3.642947593126e+06   6.157383150280e+05   1.541364091846e+06 
  1.003646652701e+02   3.620488419436e+06   6.177012960471e+05   1.561860284517e+06 
  1.005979488637e+02   3.598037089076e+06   6.195361187464e+05   1.582476792178e+06 
  1.008319418785e+02   3.575593505311e+06   6.212413290885e+05   1.603215165601e+06 
  1.010667056837e+02   3.553157719904e+06   6.228154339892e+05   1.624076846106e+06 
  1.013023008894e+02   3.530729938765e+06   6.242569046403e+05   1.645063156594e+06 
  1.015387873439e+02   3.508310527898e+06   6.255641801614e+05   1.666175291940e+06 
  1.017762241212e+02   3.485900019773e+06   6.267356716001e+05   1.687414308627e+06 
  1.020146695011e+02   3.463499119841e+06   6.277697663276e+05   1.708781113831e+06 
  1.022541809403e+02   3.441108713303e+06   6.286648328493e+05   1.730276453848e+06 
  1.024948150359e+02   3.418729871912e+06   6.294192260647e+05   1.751900902024e+06 
  1.027366274830e+02   3.396363860739e+06   6.300312929991e+05   1.773654846262e+06 
  1.029796730254e+02   3.374012144698e+06   6.304993790287e+05   1.795538476274e+06 
  1.032240054018e+02   3.351676394874e+06   6.308218346052e+05   1.817551770521e+06 
  1.034696772876e+02   3.329358494304e+06   6.309970224923e+05   1.839694483204e+06 
  1.037167402353e+02   3.307060543110e+06   6.310233255079e+05   1.861966131382e+06 
  1.039652446131e+02   3.284784862847e+06   6.308991547561e+05   1.884365982397e+06 
  1.042152395447e+02   3.262533999840e+06   6.306229583261e+05   1.906893041834e+06 
  1.044667728521e+02   3.240310727342e+06   6.301932304186e+05   1.929546042240e+06 
  1.047198910030e+02   3.218118046273e+06   6.296085208492e+05   1.952323432878e+06 
  1.049746390654e+02   3.195959184433e+06   6.288674448614e+05   1.975223370705e+06 
  1.052310606712e+02   3.173837593960e+06   6.279686931720e+05   1.998243712868e+06 
  1.054891979929e+02   3.151756946869e+06   6.269110421511e+05   2.021382010980e+06 
  1.057490917319e+02   3.129721128633e+06   6.256933640366e+05   2.044635507330e+06 
  1.060107811250e+02   3.107734229612e+06   6.243146370591e+05   2.068001133329e+06 
  1.062743039672e+02   3.085800534358e+06   6.227739553575e+05   2.091475510285e+06 
  1.065396966544e+02   3.063924508773e+06   6.210705385517e+05   2.115054952675e+06 
  1.068069942469e+02   3.042110785178e+06   6.192037408402e+05   2.138735473982e+06 
  1.070762305523e+02   3.020364145477e+06   6.171730595003e+05   2.162512795023e+06 
  1.073474382309e+02   2.998689502464e+06   6.149781426574e+05   2.186382354879e+06 
  1.076206489197e+02   2.977091879741e+06   6.126187962372e+05   2.210339324022e+06 
  1.078958933752e+02   2.955576390329e+06   6.100949899909e+05   2.234378619680e+06 
  1.081732016324e+02   2.934148214530e+06   6.074068625474e+05   2.258494922922e+06 
  1.084526031755e+02   2.912812577382e+06   6.045547254488e+05   2.282682697169e+06 
  1.087341271187e+02   2.891574726104e+06   6.015390661573e+05   2.306936207738e+06 
  1.090178023904e+02   2.870439908127e+06   5.983605500748e+05   2.331249541798e+06 
  1.093036579172e+02   2.849413350060e+06   5.950200216184e+05   2.355616628322e+06 
  1.095917228011e+02   2.828500238160e+06   5.915185044615e+05   2.380031257378e+06 
  1.098820264841e+02   2.807705700693e+06   5.878572010529e+05   2.404487098254e+06 
  1.101745988946e+02   2.787034792599e+06   5.840374915734e+05   2.428977715827e+06 
  1.104694705689e+02   2.766492482797e+06   5.800609324946e+05   2.453496584708e+06 
  1.107666727427e+02   2.746083644386e+06   5.759292549316e+05   2.478037100682e+06 
  1.110662374053e+02   2.725813047973e+06   5.716443629905e+05   2.502592589037e+06 
  1.113681973131e+02   2.705685358191e+06   5.672083323048e+05   2.527156309505e+06 
  1.116725859567e+02   2.685705133462e+06   5.626234089561e+05   2.551721457582e+06 
  1.119794374767e+02   2.665876828929e+06   5.578920089639e+05   2.576281162107e+06 
  1.122887865267e+02   2.646204802411e+06   5.530167185025e+05   2.600828479087e+06 
  1.126006680796e+02   2.626693323086e+06   5.480002949643e+05   2.625356381950e+06 
  1.129151171766e+02   2.607346582622e+06   5.428456689722e+05   2.649857748406e+06 
  1.132321686178e+02   2.588168708393e+06   5.375559474083e+05   2.674325344199e+06 
  1.135518565950e+02   2.569163778219e+06   5.321344174359e+05   2.698751804345e+06 
  1.138742142707e+02   2.550335836145e+06   5.265845514806e+05   2.723129612375e+06 
  1.141992733050e+02   2.531688908642e+06   5.209100130536e+05   2.747451078304e+06 
  1.145270633366e+02   2.513227020601e+06   5.151146632481e+05   2.771708316151e+06 
  1.148576114265e+02   2.494954210371e+06   5.092025676553e+05   2.795893221974e+06 
  1.151909414720e+02   2.476874543179e+06   5.031780034014e+05   2.819997453419e+06 
  1.155270736047e+02   2.458992122122e+06   4.970454659130e+05   2.844012411965e+06 
  1.158660235853e+02   2.441311096030e+06   4.908096749826e+05   2.867929228987e+06 
  1.162078022130e+02   2.423835663417e+06   4.844755796108e+05   2.891738756973e+06 
  1.165524147669e+02   2.406570071883e+06   4.780483610998e+05   2.915431567017e+06 
  1.168998605012e+02   2.389518612321e+06   4.715334338041e+05   2.938997953875e+06 
  1.172501322143e+02   2.372685607520e+06   4.649364429916e+05   2.962427949488e+06 
  1.176032159155e+02   2.356075394751e+06   4.582632592279e+05   2.985711346021e+06 
  1.179590906098e+02   2.339692302307e+06   4.515199688221e+05   3.008837728871e+06 
  1.183177282209e+02   2.323540620051e+06   4.447128599158e+05   3.031796520033e+06 
  1.186790936687e+02   2.307624564414e+06   4.378484039683e+05   3.054577031618e+06 
  1.190431451132e+02   2.291948238477e+06   4.309332325272e+05   3.077168528996e+06 
  1.194098343713e+02   2.276515588140e+06   4.239741094009e+05   3.099560302459e+06 
  1.197791075066e+02   2.261330355506e+06   4.169778985069e+05   3.121741745987e+06 
  1.201509055824e+02   2.246396031047e+06   4.099515279768e+05   3.143702440976e+06 
  1.205251655628e+02   2.231715806065e+06   4.029019512267e+05   3.165432242708e+06 
  1.209018213406e+02   2.217292527102e+06   3.958361058930e+05   3.186921367005e+06 
  1.212808048605e+02   2.203128653963e+06   3.887608717015e+05   3.208160474335e+06 
  1.216620473063e+02   2.189226222872e+06   3.816830283863e+05   3.229140748741e+06 
  1.220454803142e+02   2.175586816038e+06   3.746092147935e+05   3.249853969169e+06 
  1.224310371753e+02   2.162211538668e+06   3.675458902669e+05   3.270292571065e+06 
  1.228186539940e+02   2.149101004086e+06   3.604992992785e+05   3.290449696636e+06 
  1.232082707690e+02   2.136255327227e+06   3.534754401139e+05   3.310319232660e+06 
  1.235998323705e+02   2.123674126518e+06   3.464800382602e+05   3.329895835222e+06 
  1.239932893943e+02   2.111356533657e+06   3.395185248547e+05   3.349174941488e+06 
  1.243885988804e+02   2.099301210602e+06   3.325960203770e+05   3.368152769021e+06 
  1.247857248863e+02   2.087506372911e+06   3.257173235881e+05   3.386826303501e+06 
  1.251846389188e+02   2.075969818283e+06   3.188869054574e+05   3.405193276259e+06 
  1.255853202273e+02   2.064688959187e+06   3.121089077420e+05   3.423252133071e+06 
  1.259877559689e+02   2.053660858402e+06   3.053871457365e+05   3.441001995861e+06 
  1.263919412591e+02   2.042882266358e+06   2.987251146414e+05   3.458442619000e+06 
  1.267978791220e+02   2.032349659233e+06   2.921259989706e+05   3.475574341796e+06 
  1.272055803591e+02   2.022059276908e+06   2.855926843996e+05   3.492398038692e+06 
  1.276150633494e+02   2.012007160025e+06   2.791277714960e+05   3.508915068479e+06 
  1.280263537994e+02   2.002189185520e+06   2.727335907999e+05   3.525127223680e+06 
  1.284394844577e+02   1.992601100154e+06   2.664122187730e+05   3.541036681072e+06 
  1.288544948054e+02   1.983238551719e+06   2.601654942067e+05   3.556645954074e+06 
  1.292714307363e+02   1.974097117680e+06   2.539950347333e+05   3.571957847587e+06 
  1.296903442348e+02   1.965172331174e+06   2.479022531622e+05   3.586975415664e+06 
  1.301112930613e+02   1.956459704302e+06   2.418883733898e+05   3.601701922308e+06 
  1.305343404494e+02   1.947954748793e+06   2.359544457324e+05   3.616140805474e+06 
  1.309595548221e+02   1.939652994106e+06   2.301013615329e+05   3.630295644361e+06 
  1.313870095293e+02   1.931550003129e+06   2.243298669663e+05   3.644170129905e+06 
  1.318167826092e+02   1.923641385628e+06   2.186405759891e+05   3.657768038383e+06 
  1.322489565764e+02   1.915922809620e+06   2.130339824015e+05   3.671093207979e+06 
  1.326836182357e+02   1.908390010847e+06   2.075104710241e+05   3.684149518129e+06 
  1.331208585249e+02   1.901038800550e+06   2.020703279999e+05   3.696940871451e+06 
  1.335607723827e+02   1.893865071722e+06   1.967137502609e+05   3.709471178017e+06 
  1.340034586451e+02   1.886864803996e+06   1.914408541732e+05   3.721744341831e+06 
  1.344490199662e+02   1.880034067350e+06   1.862516834314e+05   3.733764249219e+06 
  1.348975627662e+02   1.873369024762e+06   1.811462162220e+05   3.745534759016e+06 
  1.353491972017e+02   1.866865933974e+06   1.761243717271e+05   3.757059694299e+06 
  1.358040371616e+02   1.860521148464e+06   1.711860160010e+05   3.768342835535e+06 
  1.362622002847e+02   1.854331117763e+06   1.663309672768e+05   3.779387914960e+06 
  1.367238079995e+02   1.848292387197e+06   1.615590007460e+05   3.790198612057e+06 
  1.371889855848e+02   1.842401597171e+06   1.568698528678e+05   3.800778549961e+06 
  1.376578622523e+02   1.836655482038e+06   1.522632252214e+05   3.811131292741e+06 
  1.381305712486e+02   1.831050868647e+06   1.477387879750e+05   3.821260343378e+06 
  1.386072499771e+02   1.825584674635e+06   1.432961829884e+05   3.831169142377e+06 
  1.390880401392e+02   1.820253906494e+06   1.389350265924e+05   3.840861066913e+06 
  1.395730878968e+02   1.815055657473e+06   1.346549120622e+05   3.850339430465e+06 
  1.400625440522e+02   1.809987105353e+06   1.304554118406e+05   3.859607482806e+06 
  1.405565642500e+02   1.805045510121e+06   1.263360794986e+05   3.868668410380e+06 
  1.410553091978e+02   1.800228211587e+06   1.222964515027e+05   3.877525336911e+06 
  1.415589449089e+02   1.795532626941e+06   1.183360487674e+05   3.886181324292e+06 
  1.420676429657e+02   1.790956248307e+06   1.144543780441e+05   3.894639373649e+06 
  1.425815808056e+02   1.786496640278e+06   1.106509331486e+05   3.902902426573e+06 
  1.431009420311e+02   1.782151437460e+06   1.069251960439e+05   3.910973366496e+06 
  1.436259167439e+02   1.777918342041e+06   1.032766378006e+05   3.918855020158e+06 
  1.441567019049e+02   1.773795121389e+06   9.970471943845e+04   3.926550159172e+06 
  1.446935017227e+02   1.769779605681e+06   9.620889266703e+04   3.934061501652e+06 
  1.452365280709e+02   1.765869685581e+06   9.278860053529e+04   3.941391713884e+06 
  1.457860009376e+02   1.762063309963e+06   8.944327799165e+04   3.948543412046e+06 
  1.463421489089e+02   1.758358483683e+06   8.617235237670e+04   3.955519163940e+06 
  1.469052096885e+02   1.754753265413e+06   8.297524384426e+04   3.962321490742e+06 
  1.474754306581e+02   1.751245765516e+06   7.985136572015e+04   3.968952868764e+06 
  1.480530694795e+02   1.747834143989e+06   7.680012481042e+04   3.975415731200e+06 
  1.486383947442e+02   1.744516608459e+06   7.382092165534e+04   3.981712469886e+06 
  1.492316866736e+02   1.741291412232e+06   7.091315074263e+04   3.987845437025e+06 
  1.498332378750e+02   1.738156852402e+06   6.807620067367e+04   3.993816946925e+06 
  1.504433541574e+02   1.735111268011e+06   6.530945430006e+04   3.999629277689e+06 
  1.510623554137e+02   1.732153038268e+06   6.261228882307e+04   4.005284672909e+06 
  1.516905765769e+02   1.729280580816e+06   5.998407585996e+04   4.010785343324e+06 
  1.523283686546e+02   1.726492350050e+06   5.742418148622e+04   4.016133468464e+06 
  1.529760998536e+02   1.723786835480e+06   5.493196624450e+04   4.021331198275e+06 
  1.536341567998e+02   1.721162560154e+06   5.250678513924e+04   4.026380654707e+06 
  1.543029458661e+02   1.718618079109e+06   5.014798760105e+04   4.031283933290e+06 
  1.549828946204e+02   1.716151977876e+06   4.785491743225e+04   4.036043104692e+06 
  1.556744534031e+02   1.713762871026e+06   4.562691273454e+04   4.040660216239e+06 
  1.563780970547e+02   1.711449400746e+06   4.346330581195e+04   4.045137293443e+06 
  1.570943268025e+02   1.709210235458e+06   4.136342306429e+04   4.049476341477e+06 
  1.578236723327e+02   1.707044068477e+06   3.932658485628e+04   4.053679346667e+06 
  1.585666940646e+02   1.704949616685e+06   3.735210537194e+04   4.057748277943e+06 
  1.593239856539e+02   1.702925619253e+06   3.543929245177e+04   4.061685088295e+06 
  1.600961767510e+02   1.700970836375e+06   3.358744741578e+04   4.065491716209e+06 
  1.608839360490e+02   1.699084048040e+06   3.179586486657e+04   4.069170087094e+06 
  1.616879746554e+02   1.697264052814e+06   3.006383247984e+04   4.072722114706e+06 
  1.625090498342e+02   1.695509666655e+06   2.839063077300e+04   4.076149702572e+06 
  1.633479691612e+02   1.693819721735e+06   2.677553286297e+04   4.079454745402e+06 
  1.642055951581e+02   1.692193065283e+06   2.521780419957e+04   4.082639130518e+06 
  1.650828504632e+02   1.690628558439e+06   2.371670228535e+04   4.085704739276e+06 
  1.659807236223e+02   1.689125075121e+06   2.227147637372e+04   4.088653448505e+06 
  1.669002755877e+02   1.687681500893e+06   2.088136714657e+04   4.091487131960e+06 
  1.678426470325e+02   1.686296731845e+06   1.954560637040e+04   4.094207661784e+06 
  1.688090666056e+02   1.684969673471e+06   1.826341653050e+04   4.096816909998e+06 
  1.698008602762e+02   1.683699239544e+06   1.703401043860e+04   4.099316750017e+06 
  1.708194619467e+02   1.682484350991e+06   1.585659081432e+04   4.101709058194e+06 
  1.718664255428e+02   1.681323934756e+06   1.473034983784e+04   4.103995715406e+06 
  1.729434388353e+02   1.680216922652e+06   1.365446867124e+04   4.106178608676e+06 
  1.740523393016e+02   1.679162250201e+06   1.262811694537e+04   4.108259632854e+06 
  1.751951323966e+02   1.678158855443e+06   1.165045220791e+04   4.110240692349e+06 
  1.763740126816e+02   1.677205677739e+06   1.072061933319e+04   4.112123702928e+06 
  1.775913883734e+02   1.676301656521e+06   9.837749882758e+03   4.113910593596e+06 
  1.788499099871e+02   1.675445730024e+06   9.000961418488e+03   4.115603308558e+06 
  1.800000000000e+02   1.674727748753e+06   8.298365728247e+03   4.117023885518e+06 
