         1          0
         1      0.001
  0.999998      0.002
  0.999996      0.003
  0.999992 0.00399999
  0.999988 0.00499998
  0.999982 0.00599996
  0.999976 0.00699994
  0.999968 0.00799991
   0.99996 0.00899988
   0.99995 0.00999983
   0.99994  0.0109998
  0.999928  0.0119997
  0.999916  0.0129996
  0.999902  0.0139995
  0.999888  0.0149994
  0.999872  0.0159993
  0.999856  0.0169992
  0.999838   0.017999
   0.99982  0.0189989
    0.9998  0.0199987
   0.99978  0.0209985
  0.999758  0.0219982
  0.999736   0.022998
  0.999712  0.0239977
  0.999688  0.0249974
  0.999662  0.0259971
  0.999636  0.0269967
  0.999608  0.0279963
   0.99958  0.0289959
   0.99955  0.0299955
   0.99952   0.030995
  0.999488  0.0319945
  0.999456   0.032994
  0.999422  0.0339934
  0.999388  0.0349929
  0.999352  0.0359922
  0.999316  0.0369916
  0.999278  0.0379909
   0.99924  0.0389901
    0.9992  0.0399893
   0.99916  0.0409885
  0.999118  0.0419877
  0.999076  0.0429868
  0.999032  0.0439858
  0.998988  0.0449848
  0.998942  0.0459838
  0.998896  0.0469827
  0.998848  0.0479816
    0.9988  0.0489804
   0.99875  0.0499792
    0.9987  0.0509779
  0.998648  0.0519766
  0.998596  0.0529752
  0.998542  0.0539738
  0.998488  0.0549723
  0.998432  0.0559707
  0.998376  0.0569691
  0.998318  0.0579675
   0.99826  0.0589658
  0.998201   0.059964
   0.99814  0.0609622
  0.998079  0.0619603
  0.998016  0.0629583
  0.997953  0.0639563
  0.997888  0.0649542
  0.997823  0.0659521
  0.997756  0.0669499
  0.997689  0.0679476
   0.99762  0.0689453
  0.997551  0.0699428
  0.997481  0.0709404
  0.997409  0.0719378
  0.997337  0.0729352
  0.997263  0.0739325
  0.997189  0.0749297
  0.997113  0.0759269
  0.997037  0.0769239
   0.99696  0.0779209
  0.996881  0.0789179
  0.996802  0.0799147
  0.996721  0.0809115
   0.99664  0.0819081
  0.996557  0.0829047
  0.996474  0.0839013
   0.99639  0.0848977
  0.996304   0.085894
  0.996218  0.0868903
   0.99613  0.0878865
  0.996042  0.0888826
  0.995953  0.0898785
  0.995862  0.0908745
  0.995771  0.0918703
  0.995679   0.092866
  0.995585  0.0938616
  0.995491  0.0948572
  0.995396  0.0958526
  0.995299   0.096848
  0.995202  0.0978432
  0.995104  0.0988384
  0.995004  0.0998334
  0.994904   0.100828
  0.994803   0.101823
    0.9947   0.102818
  0.994597   0.103813
  0.994493   0.104807
  0.994387   0.105802
  0.994281   0.106796
  0.994174    0.10779
  0.994065   0.108784
  0.993956   0.109778
  0.993846   0.110772
  0.993735   0.111766
  0.993622    0.11276
  0.993509   0.113753
  0.993395   0.114747
   0.99328    0.11574
  0.993163   0.116733
  0.993046   0.117726
  0.992928   0.118719
  0.992809   0.119712
  0.992688   0.120705
  0.992567   0.121698
  0.992445    0.12269
  0.992322   0.123682
  0.992198   0.124675
  0.992072   0.125667
  0.991946   0.126659
  0.991819   0.127651
  0.991691   0.128643
  0.991562   0.129634
  0.991432   0.130626
  0.991301   0.131617
  0.991169   0.132608
  0.991035   0.133599
  0.990901    0.13459
  0.990766   0.135581
   0.99063   0.136572
  0.990493   0.137562
  0.990355   0.138553
  0.990216   0.139543
  0.990076   0.140533
  0.989935   0.141523
  0.989793   0.142513
   0.98965   0.143503
  0.989506   0.144492
  0.989361   0.145482
  0.989215   0.146471
  0.989068    0.14746
   0.98892   0.148449
  0.988771   0.149438
  0.988621   0.150427
   0.98847   0.151415
  0.988318   0.152404
  0.988165   0.153392
  0.988012    0.15438
  0.987857   0.155368
  0.987701   0.156356
  0.987544   0.157343
  0.987386   0.158331
  0.987227   0.159318
  0.987067   0.160305
  0.986907   0.161292
  0.986745   0.162279
  0.986582   0.163266
  0.986418   0.164252
  0.986254   0.165239
  0.986088   0.166225
  0.985921   0.167211
  0.985753   0.168197
  0.985585   0.169182
  0.985415   0.170168
  0.985244   0.171153
  0.985073   0.172138
    0.9849   0.173123
  0.984727   0.174108
  0.984552   0.175093
  0.984376   0.176077
    0.9842   0.177062
  0.984022   0.178046
  0.983844    0.17903
  0.983664   0.180013
  0.983484   0.180997
  0.983302    0.18198
   0.98312   0.182964
  0.982936   0.183947
  0.982752   0.184929
  0.982566   0.185912
   0.98238   0.186895
  0.982193   0.187877
  0.982004   0.188859
  0.981815   0.189841
  0.981625   0.190823
  0.981433   0.191804
  0.981241   0.192785
  0.981048   0.193767
  0.980853   0.194747
  0.980658   0.195728
  0.980462   0.196709
  0.980265   0.197689
  0.980067   0.198669
  0.979867   0.199649
  0.979667   0.200629
  0.979466   0.201609
  0.979264   0.202588
  0.979061   0.203567
  0.978857   0.204546
  0.978652   0.205525
  0.978446   0.206503
  0.978239   0.207482
  0.978031    0.20846
  0.977822   0.209438
  0.977612   0.210416
  0.977401   0.211393
  0.977189    0.21237
  0.976976   0.213347
  0.976763   0.214324
  0.976548   0.215301
  0.976332   0.216277
  0.976115   0.217254
  0.975897    0.21823
  0.975679   0.219205
  0.975459   0.220181
  0.975238   0.221156
  0.975017   0.222131
  0.974794   0.223106
  0.974571   0.224081
  0.974346   0.225056
   0.97412    0.22603
  0.973894   0.227004
  0.973666   0.227978
  0.973438   0.228951
  0.973208   0.229924
  0.972978   0.230897
  0.972747    0.23187
  0.972514   0.232843
  0.972281   0.233815
  0.972047   0.234788
  0.971811   0.235759
  0.971575   0.236731
  0.971338   0.237703
    0.9711   0.238674
  0.970861   0.239645
   0.97062   0.240616
  0.970379   0.241586
  0.970137   0.242556
  0.969894   0.243526
   0.96965   0.244496
  0.969405   0.245466
  0.969159   0.246435
  0.968912   0.247404
  0.968665   0.248373
  0.968416   0.249341
  0.968166    0.25031
  0.967915   0.251278
  0.967663   0.252245
  0.967411   0.253213
  0.967157    0.25418
  0.966902   0.255147
  0.966647   0.256114
   0.96639   0.257081
  0.966132   0.258047
  0.965874   0.259013
  0.965614   0.259979
  0.965354   0.260944
  0.965093   0.261909
   0.96483   0.262874
  0.964567   0.263839
  0.964302   0.264803
  0.964037   0.265768
  0.963771   0.266731
  0.963504   0.267695
  0.963236   0.268658
  0.962966   0.269622
  0.962696   0.270584
  0.962425   0.271547
  0.962153   0.272509
   0.96188   0.273471
  0.961606   0.274433
  0.961331   0.275394
  0.961055   0.276356
  0.960779   0.277317
  0.960501   0.278277
  0.960222   0.279238
  0.959942   0.280198
  0.959662   0.281157
   0.95938   0.282117
  0.959097   0.283076
  0.958814   0.284035
  0.958529   0.284994
  0.958244   0.285952
  0.957957    0.28691
   0.95767   0.287868
  0.957382   0.288826
  0.957092   0.289783
  0.956802    0.29074
  0.956511   0.291697
  0.956219   0.292653
  0.955926   0.293609
  0.955632   0.294565
  0.955336    0.29552
   0.95504   0.296475
  0.954744    0.29743
  0.954446   0.298385
  0.954147   0.299339
  0.953847   0.300293
  0.953546   0.301247
  0.953244     0.3022
  0.952942   0.303153
  0.952638   0.304106
  0.952334   0.305059
  0.952028   0.306011
  0.951722   0.306963
  0.951414   0.307914
  0.951106   0.308866
  0.950796   0.309816
  0.950486   0.310767
  0.950175   0.311717
  0.949863   0.312667
   0.94955   0.313617
  0.949235   0.314567
   0.94892   0.315516
  0.948604   0.316464
  0.948287   0.317413
   0.94797   0.318361
  0.947651   0.319309
  0.947331   0.320256
   0.94701   0.321203
  0.946689    0.32215
  0.946366   0.323097
  0.946042   0.324043
  0.945718   0.324989
  0.945392   0.325934
  0.945066    0.32688
  0.944739   0.327825
   0.94441   0.328769
  0.944081   0.329713
  0.943751   0.330657
   0.94342   0.331601
  0.943088   0.332544
  0.942755   0.333487
  0.942421    0.33443
  0.942086   0.335372
   0.94175   0.336314
  0.941413   0.337255
  0.941075   0.338197
  0.940737   0.339138
  0.940397   0.340078
  0.940057   0.341018
  0.939715   0.341958
  0.939373   0.342898
  0.939029   0.343837
  0.938685   0.344776
   0.93834   0.345714
  0.937994   0.346653
  0.937646    0.34759
  0.937298   0.348528
  0.936949   0.349465
  0.936599   0.350402
  0.936249   0.351338
  0.935897   0.352274
  0.935544    0.35321
   0.93519   0.354145
  0.934836    0.35508
   0.93448   0.356015
  0.934124   0.356949
  0.933766   0.357883
  0.933408   0.358817
  0.933049    0.35975
  0.932688   0.360683
  0.932327   0.361615
  0.931965   0.362548
  0.931602   0.363479
  0.931238   0.364411
  0.930873   0.365342
  0.930508   0.366273
  0.930141   0.367203
  0.929773   0.368133
  0.929405   0.369062
  0.929035   0.369992
  0.928665    0.37092
  0.928293   0.371849
  0.927921   0.372777
  0.927548   0.373705
  0.927174   0.374632
  0.926798   0.375559
  0.926422   0.376486
  0.926045   0.377412
  0.925668   0.378338
  0.925289   0.379263
  0.924909   0.380188
  0.924528   0.381113
  0.924147   0.382037
  0.923764   0.382961
  0.923381   0.383885
  0.922997   0.384808
  0.922611   0.385731
  0.922225   0.386653
  0.921838   0.387575
   0.92145   0.388497
  0.921061   0.389418
  0.920671   0.390339
   0.92028    0.39126
  0.919889    0.39218
  0.919496   0.393099
  0.919102   0.394019
  0.918708   0.394938
  0.918313   0.395856
  0.917916   0.396774
  0.917519   0.397692
  0.917121   0.398609
  0.916722   0.399526
  0.916322   0.400443
  0.915921   0.401359
  0.915519   0.402275
  0.915116    0.40319
  0.914713   0.404105
  0.914308   0.405019
  0.913903   0.405933
  0.913496   0.406847
  0.913089    0.40776
  0.912681   0.408673
  0.912272   0.409586
  0.911862   0.410498
  0.911451    0.41141
  0.911039   0.412321
  0.910626   0.413232
  0.910212   0.414142
  0.909798   0.415052
  0.909382   0.415962
  0.908966   0.416871
  0.908548    0.41778
   0.90813   0.418688
  0.907711   0.419596
  0.907291   0.420503
   0.90687    0.42141
  0.906448   0.422317
  0.906025   0.423223
  0.905602   0.424129
  0.905177   0.425035
  0.904752   0.425939
  0.904325   0.426844
  0.903898   0.427748
   0.90347   0.428652
  0.903041   0.429555
  0.902611   0.430458
   0.90218    0.43136
  0.901748   0.432262
  0.901315   0.433164
  0.900882   0.434065
  0.900447   0.434966
  0.900012   0.435866
  0.899575   0.436766
  0.899138   0.437665
    0.8987   0.438564
  0.898261   0.439462
  0.897821    0.44036
   0.89738   0.441258
  0.896939   0.442155
  0.896496   0.443052
  0.896052   0.443948
  0.895608   0.444844
  0.895163   0.445739
  0.894717   0.446634
   0.89427   0.447529
  0.893822   0.448423
  0.893373   0.449316
  0.892923    0.45021
  0.892472   0.451102
  0.892021   0.451994
  0.891568   0.452886
  0.891115   0.453778
  0.890661   0.454669
  0.890206   0.455559
   0.88975   0.456449
  0.889293   0.457338
  0.888835   0.458228
  0.888376   0.459116
  0.887917   0.460004
  0.887456   0.460892
  0.886995   0.461779
  0.886533   0.462666
   0.88607   0.463552
  0.885606   0.464438
  0.885141   0.465323
  0.884675   0.466208
  0.884208   0.467093
  0.883741   0.467977
  0.883272    0.46886
  0.882803   0.469743
  0.882333   0.470626
  0.881862   0.471508
   0.88139    0.47239
  0.880917   0.473271
  0.880443   0.474151
  0.879969   0.475032
  0.879493   0.475911
  0.879017   0.476791
   0.87854   0.477669
  0.878062   0.478548
  0.877583   0.479426
  0.877103   0.480303
  0.876622    0.48118
   0.87614   0.482056
  0.875658   0.482932
  0.875174   0.483807
   0.87469   0.484682
  0.874205   0.485557
  0.873719   0.486431
  0.873232   0.487304
  0.872745   0.488177
  0.872256    0.48905
  0.871766   0.489922
  0.871276   0.490793
  0.870785   0.491664
  0.870293   0.492535
    0.8698   0.493405
  0.869306   0.494274
  0.868811   0.495144
  0.868316   0.496012
  0.867819    0.49688
  0.867322   0.497748
  0.866824   0.498615
  0.866325   0.499481
  0.865825   0.500347
  0.865324   0.501213
  0.864822   0.502078
   0.86432   0.502943
  0.863816   0.503807
  0.863312    0.50467
  0.862807   0.505533
  0.862301   0.506396
  0.861794   0.507258
  0.861287   0.508119
  0.860778   0.508981
  0.860269   0.509841
  0.859758   0.510701
  0.859247   0.511561
  0.858735    0.51242
  0.858222   0.513278
  0.857709   0.514136
  0.857194   0.514993
  0.856679    0.51585
  0.856162   0.516707
  0.855645   0.517563
  0.855127   0.518418
  0.854608   0.519273
  0.854089   0.520127
  0.853568   0.520981
  0.853047   0.521834
  0.852525   0.522687
  0.852001   0.523539
  0.851477   0.524391
  0.850953   0.525242
  0.850427   0.526093
    0.8499   0.526943
  0.849373   0.527793
  0.848845   0.528642
  0.848316   0.529491
  0.847786   0.530339
  0.847255   0.531186
  0.846724   0.532033
  0.846191    0.53288
  0.845658   0.533726
  0.845124   0.534571
  0.844589   0.535416
  0.844053    0.53626
  0.843516   0.537104
  0.842979   0.537947
   0.84244    0.53879
  0.841901   0.539632
  0.841361   0.540474
   0.84082   0.541315
  0.840278   0.542155
  0.839736   0.542995
  0.839192   0.543835
  0.838648   0.544674
  0.838103   0.545512
  0.837557    0.54635
   0.83701   0.547187
  0.836463   0.548024
  0.835914    0.54886
  0.835365   0.549696
  0.834815   0.550531
  0.834264   0.551365
  0.833712   0.552199
  0.833159   0.553033
  0.832606   0.553866
  0.832052   0.554698
  0.831497    0.55553
  0.830941   0.556361
  0.830384   0.557192
  0.829826   0.558022
  0.829268   0.558851
  0.828709    0.55968
  0.828148   0.560509
  0.827588   0.561337
  0.827026   0.562164
  0.826463   0.562991
    0.8259   0.563817
  0.825336   0.564642
  0.824771   0.565468
  0.824205   0.566292
  0.823638   0.567116
   0.82307   0.567939
  0.822502   0.568762
  0.821933   0.569584
  0.821363   0.570406
  0.820792   0.571227
   0.82022   0.572048
  0.819648   0.572867
  0.819075   0.573687
  0.818501   0.574506
  0.817926   0.575324
   0.81735   0.576141
  0.816773   0.576959
  0.816196   0.577775
  0.815618   0.578591
  0.815039   0.579406
  0.814459   0.580221
  0.813878   0.581035
  0.813297   0.581849
  0.812715   0.582662
  0.812132   0.583474
  0.811548   0.584286
  0.810963   0.585097
  0.810378   0.585908
  0.809791   0.586718
  0.809204   0.587528
  0.808616   0.588336
  0.808028   0.589145
  0.807438   0.589952
  0.806848    0.59076
  0.806256   0.591566
  0.805664   0.592372
  0.805072   0.593178
  0.804478   0.593982
  0.803884   0.594786
  0.803289    0.59559
  0.802693   0.596393
  0.802096   0.597195
  0.801498   0.597997
    0.8009   0.598798
  0.800301   0.599599
  0.799701   0.600399
    0.7991   0.601198
  0.798498   0.601997
  0.797896   0.602795
  0.797293   0.603593
  0.796689    0.60439
  0.796084   0.605186
  0.795478   0.605982
  0.794872   0.606777
  0.794265   0.607572
  0.793657   0.608366
  0.793048   0.609159
  0.792438   0.609952
  0.791828   0.610744
  0.791217   0.611536
  0.790605   0.612327
  0.789992   0.613117
  0.789379   0.613907
  0.788764   0.614696
  0.788149   0.615484
  0.787533   0.616272
  0.786917   0.617059
  0.786299   0.617846
  0.785681   0.618632
  0.785062   0.619417
  0.784442   0.620202
  0.783822   0.620986
    0.7832   0.621769
  0.782578   0.622552
  0.781955   0.623335
  0.781331   0.624116
  0.780707   0.624897
  0.780082   0.625678
  0.779456   0.626457
  0.778829   0.627237
  0.778201   0.628015
  0.777573   0.628793
  0.776944    0.62957
  0.776314   0.630347
  0.775683   0.631123
  0.775051   0.631898
  0.774419   0.632673
  0.773786   0.633447
  0.773152   0.634221
  0.772518   0.634993
  0.771882   0.635766
  0.771246   0.636537
  0.770609   0.637308
  0.769971   0.638078
  0.769333   0.638848
  0.768694   0.639617
  0.768054   0.640385
  0.767413   0.641153
  0.766771    0.64192
  0.766129   0.642687
  0.765486   0.643453
  0.764842   0.644218
  0.764198   0.644982
  0.763552   0.645746
  0.762906   0.646509
  0.762259   0.647272
  0.761612   0.648034
  0.760963   0.648795
  0.760314   0.649556
  0.759664   0.650316
  0.759013   0.651075
  0.758362   0.651834
   0.75771   0.652592
  0.757057   0.653349
  0.756403   0.654106
  0.755748   0.654862
  0.755093   0.655617
  0.754437   0.656372
   0.75378   0.657126
  0.753123    0.65788
  0.752465   0.658633
  0.751806   0.659385
  0.751146   0.660136
  0.750485   0.660887
  0.749824   0.661637
  0.749162   0.662387
  0.748499   0.663135
  0.747836   0.663884
  0.747172   0.664631
  0.746507   0.665378
  0.745841   0.666124
  0.745174    0.66687
  0.744507   0.667614
  0.743839   0.668359
   0.74317   0.669102
  0.742501   0.669845
  0.741831   0.670587
   0.74116   0.671329
  0.740488   0.672069
  0.739816    0.67281
  0.739142   0.673549
  0.738469   0.674288
  0.737794   0.675026
  0.737119   0.675763
  0.736442     0.6765
  0.735766   0.677236
  0.735088   0.677972
   0.73441   0.678707
   0.73373   0.679441
  0.733051   0.680174
   0.73237   0.680907
  0.731689   0.681639
  0.731007    0.68237
  0.730324   0.683101
  0.729641   0.683831
  0.728956    0.68456
  0.728272   0.685289
  0.727586   0.686017
    0.7269   0.686744
  0.726212    0.68747
  0.725525   0.688196
  0.724836   0.688921
  0.724147   0.689646
  0.723457    0.69037
  0.722766   0.691093
  0.722075   0.691815
  0.721382   0.692537
  0.720689   0.693258
  0.719996   0.693978
  0.719302   0.694698
  0.718606   0.695417
  0.717911   0.696135
  0.717214   0.696853
  0.716517    0.69757
  0.715819   0.698286
   0.71512   0.699001
  0.714421   0.699716
  0.713721    0.70043
   0.71302   0.701144
  0.712319   0.701856
  0.711616   0.702568
  0.710914   0.703279
   0.71021    0.70399
  0.709506     0.7047
  0.708801   0.705409
  0.708095   0.706117
  0.707388   0.706825
  0.706681   0.707532
  0.705973   0.708239
  0.705265   0.708944
  0.704555   0.709649
  0.703845   0.710353
  0.703135   0.711057
  0.702423    0.71176
  0.701711   0.712462
  0.700998   0.713163
  0.700285   0.713864
  0.699571   0.714564
  0.698856   0.715263
   0.69814   0.715961
  0.697424   0.716659
  0.696707   0.717356
  0.695989   0.718052
  0.695271   0.718748
  0.694552   0.719443
  0.693832   0.720137
  0.693111   0.720831
   0.69239   0.721523
  0.691668   0.722215
  0.690946   0.722907
  0.690222   0.723597
  0.689498   0.724287
  0.688774   0.724976
  0.688048   0.725665
  0.687322   0.726352
  0.686596   0.727039
  0.685868   0.727726
   0.68514   0.728411
  0.684412   0.729096
  0.683682    0.72978
  0.682952   0.730463
  0.682221   0.731146
   0.68149   0.731828
  0.680758   0.732509
  0.680025   0.733189
  0.679291   0.733869
  0.678557   0.734548
  0.677822   0.735226
  0.677087   0.735903
   0.67635    0.73658
  0.675613   0.737256
  0.674876   0.737931
  0.674137   0.738606
  0.673399    0.73928
  0.672659   0.739953
  0.671919   0.740625
  0.671178   0.741297
  0.670436   0.741967
  0.669694   0.742637
  0.668951   0.743307
  0.668207   0.743975
  0.667463   0.744643
  0.666718    0.74531
  0.665972   0.745977
  0.665226   0.746642
  0.664479   0.747307
  0.663731   0.747971
  0.662983   0.748634
  0.662234   0.749297
  0.661484   0.749959
  0.660734    0.75062
  0.659983    0.75128
  0.659232    0.75194
  0.658479   0.752599
  0.657726   0.753257
  0.656973   0.753914
  0.656219   0.754571
  0.655464   0.755227
  0.654708   0.755882
  0.653952   0.756536
  0.653195    0.75719
  0.652437   0.757843
  0.651679   0.758495
   0.65092   0.759146
  0.650161   0.759796
  0.649401   0.760446
   0.64864   0.761095
  0.647879   0.761744
  0.647117   0.762391
  0.646354   0.763038
  0.645591   0.763684
  0.644827   0.764329
  0.644062   0.764973
  0.643297   0.765617
  0.642531    0.76626
  0.641764   0.766902
  0.640997   0.767544
  0.640229   0.768184
   0.63946   0.768824
  0.638691   0.769463
  0.637922   0.770101
  0.637151   0.770739
   0.63638   0.771376
  0.635608   0.772012
  0.634836   0.772647
  0.634063   0.773281
   0.63329   0.773915
  0.632515   0.774548
   0.63174    0.77518
  0.630965   0.775811
  0.630189   0.776442
  0.629412   0.777072
  0.628635   0.777701
  0.627857   0.778329
  0.627078   0.778956
  0.626299   0.779583
  0.625519   0.780209
  0.624738   0.780834
  0.623957   0.781459
  0.623175   0.782082
  0.622393   0.782705
   0.62161   0.783327
  0.620826   0.783948
  0.620042   0.784569
  0.619257   0.785188
  0.618472   0.785807
  0.617686   0.786425
  0.616899   0.787042
  0.616111   0.787659
  0.615324   0.788275
  0.614535    0.78889
  0.613746   0.789504
  0.612956   0.790117
  0.612166    0.79073
  0.611374   0.791341
  0.610583   0.791952
  0.609791   0.792563
  0.608998   0.793172
  0.608204   0.793781
   0.60741   0.794388
  0.606615   0.794995
   0.60582   0.795602
  0.605024   0.796207
  0.604228   0.796812
  0.603431   0.797415
  0.602633   0.798019
  0.601835   0.798621
  0.601036   0.799222
  0.600236   0.799823
  0.599436   0.800423
  0.598635   0.801022
  0.597834    0.80162
  0.597032   0.802217
   0.59623   0.802814
  0.595426    0.80341
  0.594623   0.804005
  0.593818   0.804599
  0.593014   0.805192
  0.592208   0.805785
  0.591402   0.806377
  0.590595   0.806968
  0.589788   0.807558
   0.58898   0.808147
  0.588172   0.808736
  0.587363   0.809324
  0.586553   0.809911
  0.585743   0.810497
  0.584932   0.811082
  0.584121   0.811667
  0.583309   0.812251
  0.582496   0.812833
  0.581683   0.813416
  0.580869   0.813997
  0.580055   0.814577
   0.57924   0.815157
  0.578425   0.815736
  0.577609   0.816314
  0.576792   0.816891
  0.575975   0.817467
  0.575157   0.818043
  0.574339   0.818618
   0.57352   0.819192
  0.572701   0.819765
   0.57188   0.820337
   0.57106   0.820908
  0.570239   0.821479
  0.569417   0.822049
  0.568595   0.822618
  0.567772   0.823186
  0.566948   0.823753
  0.566124    0.82432
    0.5653   0.824886
  0.564474   0.825451
  0.563649   0.826015
  0.562822   0.826578
  0.561995    0.82714
  0.561168   0.827702
   0.56034   0.828263
  0.559512   0.828823
  0.558682   0.829382
  0.557853    0.82994
  0.557023   0.830497
  0.556192   0.831054
   0.55536    0.83161
  0.554529   0.832165
  0.553696   0.832719
  0.552863   0.833272
   0.55203   0.833825
  0.551195   0.834376
  0.550361   0.834927
  0.549526   0.835477
   0.54869   0.836026
  0.547854   0.836574
  0.547017   0.837122
  0.546179   0.837668
  0.545341   0.838214
  0.544503   0.838759
  0.543664   0.839303
  0.542824   0.839846
  0.541984   0.840389
  0.541144    0.84093
  0.540302   0.841471
  0.539461   0.842011
  0.538618    0.84255
  0.537775   0.843088
  0.536932   0.843625
  0.536088   0.844162
  0.535244   0.844698
  0.534399   0.845232
  0.533553   0.845766
  0.532707     0.8463
  0.531861   0.846832
  0.531014   0.847363
  0.530166   0.847894
  0.529318   0.848424
  0.528469   0.848953
   0.52762   0.849481
   0.52677   0.850008
   0.52592   0.850534
  0.525069    0.85106
  0.524218   0.851584
  0.523366   0.852108
  0.522514   0.852631
  0.521661   0.853153
  0.520807   0.853674
  0.519953   0.854195
  0.519099   0.854714
  0.518244   0.855233
  0.517388   0.855751
  0.516532   0.856268
  0.515676   0.856784
  0.514819   0.857299
  0.513961   0.857813
  0.513103   0.858327
  0.512245    0.85884
  0.511386   0.859351
  0.510526   0.859862
  0.509666   0.860372
  0.508805   0.860882
  0.507944    0.86139
  0.507082   0.861898
   0.50622   0.862404
  0.505358    0.86291
  0.504494   0.863415
  0.503631   0.863919
  0.502767   0.864422
  0.501902   0.864925
  0.501037   0.865426
  0.500171   0.865927
  0.499305   0.866426
  0.498438   0.866925
  0.497571   0.867423
  0.496703    0.86792
  0.495835   0.868417
  0.494967   0.868912
  0.494097   0.869407
  0.493228     0.8699
  0.492358   0.870393
  0.491487   0.870885
  0.490616   0.871376
  0.489744   0.871866
  0.488872   0.872355
  0.487999   0.872844
  0.487126   0.873331
  0.486253   0.873818
  0.485379   0.874304
  0.484504   0.874789
  0.483629   0.875273
  0.482754   0.875756
  0.481878   0.876239
  0.481001    0.87672
  0.480124   0.877201
  0.479247    0.87768
  0.478369   0.878159
   0.47749   0.878637
  0.476612   0.879114
  0.475732    0.87959
  0.474852   0.880065
  0.473972    0.88054
  0.473091   0.881013
   0.47221   0.881486
  0.471328   0.881958
  0.470446   0.882429
  0.469564   0.882899
   0.46868   0.883368
  0.467797   0.883836
  0.466913   0.884303
  0.466028    0.88477
  0.465143   0.885235
  0.464258     0.8857
  0.463372   0.886164
  0.462485   0.886627
  0.461599   0.887089
  0.460711    0.88755
  0.459823    0.88801
  0.458935    0.88847
  0.458046   0.888928
  0.457157   0.889386
  0.456268   0.889843
  0.455378   0.890298
  0.454487   0.890753
  0.453596   0.891207
  0.452705   0.891661
  0.451813   0.892113
   0.45092   0.892564
  0.450028   0.893015
  0.449134   0.893464
  0.448241   0.893913
  0.447347   0.894361
  0.446452   0.894808
  0.445557   0.895254
  0.444662   0.895699
  0.443766   0.896143
  0.442869   0.896586
  0.441972   0.897029
  0.441075    0.89747
  0.440177   0.897911
  0.439279   0.898351
  0.438381   0.898789
  0.437482   0.899227
  0.436582   0.899664
  0.435682     0.9001
  0.434782   0.900536
  0.433881    0.90097
   0.43298   0.901403
  0.432079   0.901836
  0.431177   0.902268
  0.430274   0.902698
  0.429371   0.903128
  0.428468   0.903557
  0.427564   0.903985
   0.42666   0.904412
  0.425755   0.904838
   0.42485   0.905264
  0.423945   0.905688
  0.423039   0.906112
  0.422132   0.906534
  0.421226   0.906956
  0.420319   0.907377
  0.419411   0.907796
  0.418503   0.908215
  0.417595   0.908633
  0.416686   0.909051
  0.415776   0.909467
  0.414867   0.909882
  0.413957   0.910297
  0.413046    0.91071
  0.412135   0.911123
  0.411224   0.911534
  0.410312   0.911945
    0.4094   0.912355
  0.408487   0.912764
  0.407574   0.913172
  0.406661   0.913579
  0.405747   0.913985
  0.404833   0.914391
  0.403919   0.914795
  0.403004   0.915198
  0.402088   0.915601
  0.401172   0.916003
  0.400256   0.916403
   0.39934   0.916803
  0.398423   0.917202
  0.397505     0.9176
  0.396587   0.917997
  0.395669   0.918393
  0.394751   0.918788
  0.393832   0.919183
  0.392912   0.919576
  0.391992   0.919968
  0.391072    0.92036
  0.390152   0.920751
  0.389231    0.92114
  0.388309   0.921529
  0.387388   0.921917
  0.386466   0.922304
  0.385543    0.92269
   0.38462   0.923075
  0.383697   0.923459
  0.382773   0.923842
  0.381849   0.924225
  0.380925   0.924606
      0.38   0.924986
  0.379075   0.925366
  0.378149   0.925745
  0.377223   0.926122
  0.376297   0.926499
   0.37537   0.926875
  0.374443    0.92725
  0.373516   0.927624
  0.372588   0.927997
   0.37166   0.928369
  0.370731    0.92874
  0.369802    0.92911
  0.368873    0.92948
  0.367943   0.929848
  0.367013   0.930216
  0.366083   0.930582
  0.365152   0.930948
  0.364221   0.931313
   0.36329   0.931676
  0.362358   0.932039
  0.361426   0.932401
  0.360493   0.932762
   0.35956   0.933122
  0.358627   0.933481
  0.357693   0.933839
  0.356759   0.934196
  0.355825   0.934553
   0.35489   0.934908
  0.353955   0.935263
  0.353019   0.935616
  0.352084   0.935969
  0.351147    0.93632
  0.350211   0.936671
  0.349274   0.937021
  0.348337   0.937369
  0.347399   0.937717
  0.346461   0.938064
  0.345523    0.93841
  0.344585   0.938755
  0.343646   0.939099
  0.342706   0.939443
  0.341767   0.939785
  0.340827   0.940126
  0.339887   0.940466
  0.338946   0.940806
  0.338005   0.941144
  0.337064   0.941482
  0.336122   0.941818
   0.33518   0.942154
  0.334238   0.942489
  0.333295   0.942823
  0.332352   0.943155
  0.331409   0.943487
  0.330465   0.943818
  0.329521   0.944148
  0.328577   0.944477
  0.327632   0.944805
  0.326687   0.945133
  0.325742   0.945459
  0.324796   0.945784
   0.32385   0.946108
  0.322904   0.946432
  0.321957   0.946754
  0.321011   0.947076
  0.320063   0.947396
  0.319116   0.947716
  0.318168   0.948034
   0.31722   0.948352
  0.316271   0.948669
  0.315322   0.948985
  0.314373   0.949299
  0.313424   0.949613
  0.312474   0.949926
  0.311524   0.950238
  0.310574   0.950549
  0.309623   0.950859
  0.308672   0.951169
   0.30772   0.951477
  0.306769   0.951784
  0.305817    0.95209
  0.304865   0.952396
  0.303912     0.9527
  0.302959   0.953004
  0.302006   0.953306
  0.301053   0.953608
  0.300099   0.953908
  0.299145   0.954208
   0.29819   0.954506
  0.297236   0.954804
  0.296281   0.955101
  0.295326   0.955397
   0.29437   0.955692
  0.293414   0.955985
  0.292458   0.956278
  0.291502    0.95657
  0.290545   0.956861
  0.289588   0.957151
  0.288631   0.957441
  0.287673   0.957729
  0.286715   0.958016
  0.285757   0.958302
  0.284799   0.958587
   0.28384   0.958872
  0.282881   0.959155
  0.281922   0.959437
  0.280962   0.959719
  0.280002   0.959999
  0.279042   0.960279
  0.278082   0.960557
  0.277121   0.960835
   0.27616   0.961112
  0.275199   0.961387
  0.274237   0.961662
  0.273275   0.961936
  0.272313   0.962209
  0.271351    0.96248
  0.270388   0.962751
  0.269425   0.963021
  0.268462    0.96329
  0.267499   0.963558
  0.266535   0.963825
  0.265571   0.964091
  0.264607   0.964356
  0.263642    0.96462
  0.262678   0.964884
  0.261713   0.965146
  0.260747   0.965407
  0.259782   0.965667
  0.258816   0.965927
   0.25785   0.966185
  0.256884   0.966442
  0.255917   0.966699
   0.25495   0.966954
  0.253983   0.967209
  0.253016   0.967462
  0.252048   0.967715
   0.25108   0.967966
  0.250112   0.968217
  0.249144   0.968466
  0.248175   0.968715
  0.247207   0.968963
  0.246238    0.96921
  0.245268   0.969455
  0.244299     0.9697
  0.243329   0.969944
  0.242359   0.970187
  0.241388   0.970429
  0.240418   0.970669
  0.239447   0.970909
  0.238476   0.971148
  0.237505   0.971386
  0.236533   0.971623
  0.235562   0.971859
   0.23459   0.972095
  0.233617   0.972329
  0.232645   0.972562
  0.231672   0.972794
  0.230699   0.973025
  0.229726   0.973255
  0.228753   0.973485
  0.227779   0.973713
  0.226805    0.97394
  0.225831   0.974166
  0.224857   0.974392
  0.223883   0.974616
  0.222908    0.97484
  0.221933   0.975062
  0.220958   0.975283
  0.219982   0.975504
  0.219007   0.975723
  0.218031   0.975942
  0.217055   0.976159
  0.216079   0.976376
  0.215102   0.976592
  0.214125   0.976806
  0.213148    0.97702
  0.212171   0.977232
  0.211194   0.977444
  0.210216   0.977655
  0.209239   0.977865
  0.208261   0.978073
  0.207283   0.978281
  0.206304   0.978488
  0.205326   0.978694
  0.204347   0.978899
  0.203368   0.979102
  0.202389   0.979305
  0.201409   0.979507
   0.20043   0.979708
   0.19945   0.979908
   0.19847   0.980107
   0.19749   0.980305
  0.196509   0.980502
  0.195529   0.980698
  0.194548   0.980893
  0.193567   0.981087
  0.192586    0.98128
  0.191604   0.981472
  0.190623   0.981663
  0.189641   0.981854
  0.188659   0.982043
  0.187677   0.982231
  0.186694   0.982418
  0.185712   0.982604
  0.184729   0.982789
  0.183746   0.982974
  0.182763   0.983157
   0.18178   0.983339
  0.180797   0.983521
  0.179813   0.983701
  0.178829    0.98388
  0.177845   0.984058
  0.176861   0.984236
  0.175877   0.984412
  0.174892   0.984588
  0.173908   0.984762
  0.172923   0.984935
  0.171938   0.985108
  0.170953   0.985279
  0.169967    0.98545
  0.168982   0.985619
  0.167996   0.985788
   0.16701   0.985955
  0.166024   0.986122
  0.165038   0.986287
  0.164051   0.986452
  0.163065   0.986615
  0.162078   0.986778
  0.161091    0.98694
  0.160104     0.9871
  0.159117    0.98726
   0.15813   0.987418
  0.157142   0.987576
  0.156155   0.987733
  0.155167   0.987888
  0.154179   0.988043
  0.153191   0.988197
  0.152202   0.988349
  0.151214   0.988501
  0.150225   0.988652
  0.149237   0.988801
  0.148248    0.98895
  0.147259   0.989098
   0.14627   0.989245
   0.14528   0.989391
  0.144291   0.989535
  0.143301   0.989679
  0.142312   0.989822
  0.141322   0.989964
  0.140332   0.990105
  0.139341   0.990244
  0.138351   0.990383
  0.137361   0.990521
   0.13637   0.990658
  0.135379   0.990794
  0.134388   0.990929
  0.133397   0.991063
  0.132406   0.991196
  0.131415   0.991327
  0.130424   0.991458
  0.129432   0.991588
  0.128441   0.991717
  0.127449   0.991845
  0.126457   0.991972
  0.125465   0.992098
  0.124473   0.992223
   0.12348   0.992347
  0.122488    0.99247
  0.121495   0.992592
  0.120503   0.992713
   0.11951   0.992833
  0.118517   0.992952
  0.117524    0.99307
  0.116531   0.993187
  0.115538   0.993303
  0.114544   0.993418
  0.113551   0.993532
  0.112557   0.993645
  0.111564   0.993757
   0.11057   0.993868
  0.109576   0.993978
  0.108582   0.994088
  0.107588   0.994196
  0.106593   0.994303
  0.105599   0.994409
  0.104605   0.994514
   0.10361   0.994618
  0.102615   0.994721
  0.101621   0.994823
  0.100626   0.994924
 0.0996308   0.995024
 0.0986357   0.995124
 0.0976405   0.995222
 0.0966452   0.995319
 0.0956499   0.995415
 0.0946544    0.99551
 0.0936589   0.995604
 0.0926632   0.995698
 0.0916675    0.99579
 0.0906716   0.995881
 0.0896757   0.995971
 0.0886797    0.99606
 0.0876836   0.996148
 0.0866874   0.996236
 0.0856911   0.996322
 0.0846947   0.996407
 0.0836983   0.996491
 0.0827018   0.996574
 0.0817051   0.996657
 0.0807084   0.996738
 0.0797117   0.996818
 0.0787148   0.996897
 0.0777179   0.996975
 0.0767209   0.997053
 0.0757238   0.997129
 0.0747266   0.997204
 0.0737294   0.997278
  0.072732   0.997352
 0.0717347   0.997424
 0.0707372   0.997495
 0.0697397   0.997565
 0.0687421   0.997634
 0.0677444   0.997703
 0.0667467    0.99777
 0.0657489   0.997836
  0.064751   0.997901
 0.0637531   0.997966
 0.0627551   0.998029
  0.061757   0.998091
 0.0607589   0.998152
 0.0597607   0.998213
 0.0587625   0.998272
 0.0577642    0.99833
 0.0567658   0.998388
 0.0557674   0.998444
 0.0547689   0.998499
 0.0537704   0.998553
 0.0527718   0.998607
 0.0517732   0.998659
 0.0507745    0.99871
 0.0497757    0.99876
  0.048777    0.99881
 0.0477781   0.998858
 0.0467792   0.998905
 0.0457803   0.998952
 0.0447813   0.998997
 0.0437823   0.999041
 0.0427833   0.999084
 0.0417842   0.999127
  0.040785   0.999168
 0.0397858   0.999208
 0.0387866   0.999248
 0.0377873   0.999286
  0.036788   0.999323
 0.0357887   0.999359
 0.0347893   0.999395
 0.0337899   0.999429
 0.0327904   0.999462
  0.031791   0.999495
 0.0307915   0.999526
 0.0297919   0.999556
 0.0287923   0.999585
 0.0277927   0.999614
 0.0267931   0.999641
 0.0257935   0.999667
 0.0247938   0.999693
 0.0237941   0.999717
 0.0227944    0.99974
 0.0217946   0.999762
 0.0207948   0.999784
  0.019795   0.999804
 0.0187952   0.999823
 0.0177954   0.999842
 0.0167955   0.999859
 0.0157957   0.999875
 0.0147958   0.999891
 0.0137959   0.999905
  0.012796   0.999918
 0.0117961    0.99993
 0.0107961   0.999942
0.00979617   0.999952
0.00879621   0.999961
0.00779625    0.99997
0.00679627   0.999977
0.00579629   0.999983
0.00479631   0.999988
0.00379632   0.999993
0.00279632   0.999996
0.00179633   0.999998
0.000796327          1
