0.000471475    0.79952 
  0.834609   0.106921 
  0.763442   0.634575 
  0.427855   0.999768 
  0.672133   0.334315 
  0.250997   0.559015 
  0.243515   0.335415 
  0.543801    0.27784 
   0.78535   0.349919 
  0.258789   0.964281 
  0.859038   0.151244 
  0.822285    0.25482 
  0.962526   0.948288 
   0.36431   0.978537 
  0.928883   0.859851 
  0.912428   0.863015 
  0.545431   0.973257 
 0.0593216  0.0786035 
  0.893908   0.509135 
  0.599207   0.135671 
   0.90337    0.56944 
  0.629184   0.618751 
  0.630002   0.983326 
  0.621384   0.267816 
  0.748181   0.747969 
  0.965906   0.899859 
  0.763579   0.560909 
  0.479675   0.678585 
  0.445821   0.946849 
  0.384128   0.225873 
  0.978771   0.480359 
  0.252241  0.0749998 
  0.329416   0.595723 
  0.426838   0.971003 
  0.334863   0.500991 
   0.40383   0.512816 
   0.01036   0.676236 
  0.685759   0.640087 
  0.575445   0.468212 
   0.60322     0.4608 
  0.693798    0.28386 
  0.608036   0.929931 
  0.441945   0.870946 
  0.530898   0.861577 
  0.487289   0.194119 
  0.311247    0.79456 
  0.988145   0.408355 
  0.693575   0.195415 
  0.715315   0.421486 
  0.394988   0.507039 
  0.888344    0.55215 
  0.237725   0.541561 
  0.232821   0.783171 
  0.753918   0.718868 
  0.754319   0.105979 
   0.75921   0.643005 
  0.735822   0.461916 
  0.390808   0.527173 
   0.44544   0.772628 
  0.119756   0.963909 
 0.0739641    0.56881 
  0.228133   0.533616 
  0.381235    0.71048 
  0.256088   0.759742 
  0.565527   0.703159 
  0.919647   0.909144 
  0.854435   0.102661 
  0.993473   0.132753 
  0.307055   0.519687 
   0.66539   0.454355 
  0.343538   0.714486 
  0.858768  0.0982023 
   0.48592   0.286458 
 0.0222969    0.66426 
  0.824392   0.457715 
  0.891516   0.645697 
  0.695321   0.449634 
  0.716758   0.789618 
 0.0847119   0.953858 
  0.459435   0.802974 
  0.244893   0.196284 
  0.458641   0.899747 
 0.0337069  0.0955083 
 0.0665868   0.695774 
  0.472294  0.0147414 
  0.751905   0.942882 
 0.0180618   0.608664 
   0.17082   0.612605 
 0.0591784   0.260831 
  0.708132   0.814354 
  0.130104    0.61748 
  0.990471  0.0670531 
  0.339371    0.71628 
  0.859096   0.411584 
  0.524756   0.203666 
  0.322298   0.860101 
  0.615327   0.152986 
  0.968824   0.701769 
  0.728196   0.970255 
    0.3516   0.140495 
  0.467768   0.897289 
0.000471475    0.79952 
  0.834609   0.106921 
  0.763442   0.634575 
  0.427855   0.999768 
  0.672133   0.334315 
  0.250997   0.559015 
  0.243515   0.335415 
  0.543801    0.27784 
   0.78535   0.349919 
  0.258789   0.964281 
  0.859038   0.151244 
  0.822285    0.25482 
  0.962526   0.948288 
   0.36431   0.978537 
  0.928883   0.859851 
  0.912428   0.863015 
  0.545431   0.973257 
 0.0593216  0.0786035 
  0.893908   0.509135 
  0.599207   0.135671 
   0.90337    0.56944 
  0.629184   0.618751 
  0.630002   0.983326 
  0.621384   0.267816 
  0.748181   0.747969 
  0.965906   0.899859 
  0.763579   0.560909 
  0.479675   0.678585 
  0.445821   0.946849 
  0.384128   0.225873 
  0.978771   0.480359 
  0.252241  0.0749998 
  0.329416   0.595723 
  0.426838   0.971003 
  0.334863   0.500991 
   0.40383   0.512816 
   0.01036   0.676236 
  0.685759   0.640087 
  0.575445   0.468212 
   0.60322     0.4608 
  0.693798    0.28386 
  0.608036   0.929931 
  0.441945   0.870946 
  0.530898   0.861577 
  0.487289   0.194119 
  0.311247    0.79456 
  0.988145   0.408355 
  0.693575   0.195415 
  0.715315   0.421486 
  0.394988   0.507039 
  0.888344    0.55215 
  0.237725   0.541561 
  0.232821   0.783171 
  0.753918   0.718868 
  0.754319   0.105979 
   0.75921   0.643005 
  0.735822   0.461916 
  0.390808   0.527173 
   0.44544   0.772628 
  0.119756   0.963909 
 0.0739641    0.56881 
  0.228133   0.533616 
  0.381235    0.71048 
  0.256088   0.759742 
  0.565527   0.703159 
  0.919647   0.909144 
  0.854435   0.102661 
  0.993473   0.132753 
  0.307055   0.519687 
   0.66539   0.454355 
  0.343538   0.714486 
  0.858768  0.0982023 
   0.48592   0.286458 
 0.0222969    0.66426 
  0.824392   0.457715 
  0.891516   0.645697 
  0.695321   0.449634 
  0.716758   0.789618 
 0.0847119   0.953858 
  0.459435   0.802974 
  0.244893   0.196284 
  0.458641   0.899747 
 0.0337069  0.0955083 
 0.0665868   0.695774 
  0.472294  0.0147414 
  0.751905   0.942882 
 0.0180618   0.608664 
   0.17082   0.612605 
 0.0591784   0.260831 
  0.708132   0.814354 
  0.130104    0.61748 
  0.990471  0.0670531 
  0.339371    0.71628 
  0.859096   0.411584 
  0.524756   0.203666 
  0.322298   0.860101 
  0.615327   0.152986 
  0.968824   0.701769 
  0.728196   0.970255 
    0.3516   0.140495 
  0.467768   0.897289 
