     -5.05   0.153635        nan          0 
    -4.925  -0.127389        nan          0 
      -4.8 -0.0624234        nan          0 
    -4.675 -0.0529384        nan          0 
     -4.55 -0.0560507        nan          0 
    -4.425 -0.0696135        nan          0 
      -4.3  -0.101981        nan          0 
    -4.175  -0.191837        nan          0 
     -4.05  -0.775857        nan          0 
    -3.925   0.627392        nan          0 
      -3.8   0.299632        nan          0 
    -3.675   0.247487        nan          0 
     -3.55   0.255031        nan          0 
    -3.425    0.30804        nan          0 
      -3.3   0.438517        nan          0 
    -3.175   0.800921        nan          0 
     -3.05    3.14222        nan          0 
    -2.925   -2.46251        nan          0 
      -2.8    -1.1386        nan          0 
    -2.675  -0.909516        nan          0 
     -2.55  -0.905359        nan          0 
    -2.425   -1.05504        nan          0 
      -2.3   -1.44711        nan          0 
    -2.175   -2.54292        nan          0 
     -2.05   -9.58377        nan          0 
    -1.925    7.20285        nan          0 
      -1.8    3.18809        nan          0 
    -1.675    2.43295        nan          0 
     -1.55    2.30866        nan          0 
    -1.425    2.55846        nan          0 
      -1.3    3.32835        nan          0 
    -1.175    5.53086        nan          0 
     -1.05    19.6467        nan          0 
    -0.925   -13.8655        nan          0 
      -0.8   -5.73855        nan          0 
    -0.675    -4.0752        nan          0 
     -0.55   -3.57843        nan          0 
    -0.425   -3.64581        nan          0 
      -0.3   -4.32685        nan          0 
    -0.175   -6.49876        nan          0 
     -0.05   -20.6291        nan          0 
     0.075    12.8256        nan          0 
       0.2    4.59084        nan          0 
     0.325    2.75076        nan          0 
      0.45    1.96814        nan          0 
     0.575    1.54947        nan          0 
       0.7    1.29806        nan          0 
     0.825    1.13728        nan          0 
      0.95    1.03145        nan          0 
     1.075   0.961918        nan          0 
       1.2   0.918169        nan          0 
     1.325   0.893997        nan          0 
      1.45   0.885661        nan          0 
     1.575   0.890945        nan          0 
       1.7   0.908639        nan          0 
     1.825   0.938258        nan          0 
      1.95   0.979881        nan          0 
     2.075    1.03406        nan          0 
       2.2     1.1018        nan          0 
     2.325    1.18455        nan          0 
      2.45    1.28421        nan          0 
     2.575    1.40324        nan          0 
       2.7    1.54469        nan          0 
     2.825    1.71232        nan          0 
      2.95    1.91077        nan          0 
     3.075    2.14568        nan          0 
       3.2    2.42397        nan          0 
     3.325    2.75407        nan          0 
      3.45    3.14631        nan          0 
     3.575    3.61334        nan          0 
       3.7    4.17065        nan          0 
     3.825    4.83731        nan          0 
      3.95    5.63676        nan          0 
     4.075    6.59796        nan          0 
       4.2    7.75669        nan          0 
     4.325    9.15728        nan          0 
      4.45    10.8548        nan          0 
     4.575    12.9177        nan          0 
       4.7    15.4314        nan          0 
     4.825    18.5027        nan          0 
      4.95    22.2652        nan          0 
